data;

param broj_grana:=38;
param N:=30;
param L1:=0.0057803;
param L2:=0.0014451;

set FC:=
f1
f2
f3
;

set V:=
1
2
3
4
5
6
7
8
9
10
11
12
13
14
15
16
17
18
19
20
21
22
23
24
25
26
27
28
29
30
;

set F[f1]:=
1
2
3
4
5
6
7
8
9
10
11
12
;

set F[f2]:=
13
14
15
16
17
18
19
20
21
;

set F[f3]:=
22
23
24
25
26
27
28
29
30
;


set E:=
(10,5)
(5,3)
(3,12)
(12,6)
(6,11)
(11,9)
(9,10)
(5,10)
(12,3)
(4,8)
(8,7)
(7,1)
(1,2)
(2,4)
(2,1)
(8,4)
(15,20)
(20,17)
(17,19)
(19,21)
(21,13)
(13,14)
(14,15)
(14,13)
(20,15)
(18,16)
(16,18)
(25,24)
(24,22)
(22,30)
(30,27)
(27,28)
(28,23)
(23,25)
(25,23)
(27,30)
(26,29)
(29,26)
;

param b:=
[10,5] 6
[5,3] 1
[3,12] 7
[12,6] 1
[6,11] 1
[11,9] 1
[9,10] 1
[5,10] 8
[12,3] 6
[4,8] 7
[8,7] 1
[7,1] 1
[1,2] 7
[2,4] 1
[2,1] 7
[8,4] 9
[15,20] 9
[20,17] 1
[17,19] 1
[19,21] 1
[21,13] 1
[13,14] 9
[14,15] 1
[14,13] 5
[20,15] 8
[18,16] 9
[16,18] 9
[25,24] 1
[24,22] 1
[22,30] 1
[30,27] 9
[27,28] 1
[28,23] 1
[23,25] 10
[25,23] 7
[27,30] 9
[26,29] 6
[29,26] 8
;

param d:=
1	15
10	15
11	2
12	14
13	15
14	15
15	18
16	18
17	2
18	18
19	2
2	15
20	18
21	2
22	2
23	18
24	2
25	18
26	14
27	19
28	2
29	14
3	14
30	19
4	17
5	15
6	2
7	2
8	17
9	2
;


end;
