data;

param broj_grana:=38;
param N:=30;
param L1:=0.0058824;
param L2:=0.0014706;

set FC:=
f1
f2
f3
;

set V:=
1
2
3
4
5
6
7
8
9
10
11
12
13
14
15
16
17
18
19
20
21
22
23
24
25
26
27
28
29
30
;

set F[f1]:=
1
2
3
4
5
6
7
8
9
10
11
12
;

set F[f2]:=
13
14
15
16
17
18
19
20
21
;

set F[f3]:=
22
23
24
25
26
27
28
29
30
;


set E:=
(7,10)
(10,3)
(3,12)
(12,2)
(2,6)
(6,1)
(1,7)
(10,7)
(2,12)
(9,5)
(5,8)
(8,4)
(4,11)
(11,9)
(11,4)
(4,8)
(18,17)
(17,14)
(14,21)
(21,15)
(15,20)
(20,16)
(16,18)
(14,17)
(18,16)
(13,19)
(19,13)
(23,27)
(27,28)
(28,26)
(26,22)
(22,30)
(30,24)
(24,23)
(23,24)
(24,30)
(29,25)
(25,29)
;

param b:=
[7,10] 10
[10,3] 1
[3,12] 1
[12,2] 7
[2,6] 1
[6,1] 1
[1,7] 1
[10,7] 10
[2,12] 8
[9,5] 1
[5,8] 1
[8,4] 7
[4,11] 5
[11,9] 1
[11,4] 5
[4,8] 8
[18,17] 1
[17,14] 9
[14,21] 1
[21,15] 1
[15,20] 1
[20,16] 1
[16,18] 7
[14,17] 8
[18,16] 7
[13,19] 9
[19,13] 7
[23,27] 1
[27,28] 1
[28,26] 1
[26,22] 1
[22,30] 1
[30,24] 8
[24,23] 10
[23,24] 6
[24,30] 10
[29,25] 5
[25,29] 6
;

param d:=
1	2
10	21
11	11
12	16
13	16
14	18
15	2
16	15
17	18
18	15
19	16
2	16
20	2
21	2
22	2
23	17
24	34
25	11
26	2
27	2
28	2
29	11
3	2
30	19
4	25
5	2
6	2
7	21
8	16
9	2
;


end;
