data;

param broj_grana:=38;
param N:=30;
param L1:=0.0060976;
param L2:=0.0015244;

set FC:=
f1
f2
f3
;

set V:=
1
2
3
4
5
6
7
8
9
10
11
12
13
14
15
16
17
18
19
20
21
22
23
24
25
26
27
28
29
30
;

set F[f1]:=
1
2
3
4
5
6
7
8
9
10
11
12
;

set F[f2]:=
13
14
15
16
17
18
19
20
21
;

set F[f3]:=
22
23
24
25
26
27
28
29
30
;


set E:=
(4,9)
(9,2)
(2,1)
(1,11)
(11,8)
(8,7)
(7,4)
(2,9)
(4,7)
(6,3)
(3,12)
(12,5)
(5,10)
(10,6)
(3,6)
(12,3)
(21,13)
(13,16)
(16,20)
(20,15)
(15,18)
(18,19)
(19,21)
(21,19)
(19,18)
(17,14)
(14,17)
(30,22)
(22,24)
(24,28)
(28,25)
(25,27)
(27,29)
(29,30)
(29,27)
(30,29)
(26,23)
(23,26)
;

param b:=
[4,9] 1
[9,2] 10
[2,1] 1
[1,11] 1
[11,8] 1
[8,7] 1
[7,4] 5
[2,9] 9
[4,7] 10
[6,3] 5
[3,12] 7
[12,5] 1
[5,10] 1
[10,6] 1
[3,6] 8
[12,3] 10
[21,13] 1
[13,16] 1
[16,20] 1
[20,15] 1
[15,18] 1
[18,19] 5
[19,21] 5
[21,19] 6
[19,18] 6
[17,14] 9
[14,17] 9
[30,22] 1
[22,24] 1
[24,28] 1
[28,25] 1
[25,27] 1
[27,29] 6
[29,30] 6
[29,27] 7
[30,29] 7
[26,23] 8
[23,26] 8
;

param d:=
1	2
10	2
11	2
12	18
13	2
14	18
15	2
16	2
17	18
18	12
19	22
2	20
20	2
21	12
22	2
23	16
24	2
25	2
26	16
27	14
28	2
29	26
3	30
30	14
4	16
5	2
6	14
7	16
8	2
9	20
;


end;
