data;

param broj_grana:=38;
param N:=30;
param L1:=0.0061728;
param L2:=0.0015432;

set FC:=
f1
f2
f3
;

set V:=
1
2
3
4
5
6
7
8
9
10
11
12
13
14
15
16
17
18
19
20
21
22
23
24
25
26
27
28
29
30
;

set F[f1]:=
1
2
3
4
5
6
7
8
9
10
11
12
;

set F[f2]:=
13
14
15
16
17
18
19
20
21
;

set F[f3]:=
22
23
24
25
26
27
28
29
30
;


set E:=
(5,6)
(6,2)
(2,1)
(1,3)
(3,9)
(9,7)
(7,5)
(2,6)
(7,9)
(10,8)
(8,11)
(11,4)
(4,12)
(12,10)
(10,12)
(11,8)
(19,21)
(21,15)
(15,18)
(18,17)
(17,13)
(13,16)
(16,19)
(18,15)
(15,21)
(20,14)
(14,20)
(24,22)
(22,25)
(25,28)
(28,23)
(23,26)
(26,27)
(27,24)
(26,23)
(27,26)
(29,30)
(30,29)
;

param b:=
[5,6] 1
[6,2] 6
[2,1] 1
[1,3] 1
[3,9] 1
[9,7] 7
[7,5] 1
[2,6] 10
[7,9] 9
[10,8] 1
[8,11] 8
[11,4] 1
[4,12] 1
[12,10] 7
[10,12] 7
[11,8] 8
[19,21] 1
[21,15] 6
[15,18] 10
[18,17] 1
[17,13] 1
[13,16] 1
[16,19] 1
[18,15] 6
[15,21] 9
[20,14] 6
[14,20] 5
[24,22] 1
[22,25] 1
[25,28] 1
[28,23] 1
[23,26] 5
[26,27] 8
[27,24] 1
[26,23] 6
[27,26] 7
[29,30] 8
[30,29] 6
;

param d:=
1	2
10	15
11	17
12	15
13	2
14	11
15	31
16	2
17	2
18	17
19	2
2	17
20	11
21	16
22	2
23	12
24	2
25	2
26	26
27	16
28	2
29	14
3	2
30	14
4	2
5	2
6	17
7	17
8	17
9	17
;


end;
