data;

param broj_grana:=38;
param N:=30;
param L1:=0.0058480;
param L2:=0.0014620;

set FC:=
f1
f2
f3
;

set V:=
1
2
3
4
5
6
7
8
9
10
11
12
13
14
15
16
17
18
19
20
21
22
23
24
25
26
27
28
29
30
;

set F[f1]:=
1
2
3
4
5
6
7
8
9
10
11
12
;

set F[f2]:=
13
14
15
16
17
18
19
20
21
;

set F[f3]:=
22
23
24
25
26
27
28
29
30
;


set E:=
(9,3)
(3,11)
(11,2)
(2,12)
(12,7)
(7,6)
(6,9)
(11,3)
(3,9)
(5,4)
(4,10)
(10,1)
(1,8)
(8,5)
(10,4)
(1,10)
(16,17)
(17,14)
(14,21)
(21,19)
(19,18)
(18,15)
(15,16)
(17,16)
(15,18)
(13,20)
(20,13)
(23,25)
(25,30)
(30,26)
(26,22)
(22,24)
(24,28)
(28,23)
(30,25)
(23,28)
(29,27)
(27,29)
;

param b:=
[9,3] 10
[3,11] 7
[11,2] 1
[2,12] 1
[12,7] 1
[7,6] 1
[6,9] 1
[11,3] 5
[3,9] 5
[5,4] 1
[4,10] 7
[10,1] 9
[1,8] 1
[8,5] 1
[10,4] 8
[1,10] 5
[16,17] 5
[17,14] 1
[14,21] 1
[21,19] 1
[19,18] 1
[18,15] 5
[15,16] 1
[17,16] 10
[15,18] 8
[13,20] 10
[20,13] 10
[23,25] 1
[25,30] 8
[30,26] 1
[26,22] 1
[22,24] 1
[24,28] 1
[28,23] 9
[30,25] 9
[23,28] 9
[29,27] 7
[27,29] 7
;

param d:=
1	15
10	29
11	13
12	2
13	20
14	2
15	14
16	16
17	16
18	14
19	2
2	2
20	20
21	2
22	2
23	19
24	2
25	18
26	2
27	14
28	19
29	14
3	27
30	18
4	16
5	2
6	2
7	2
8	2
9	16
;


end;
