data;

param broj_grana:=38;
param N:=30;
param L1:=0.0065789;
param L2:=0.0016447;

set FC:=
f1
f2
f3
;

set V:=
1
2
3
4
5
6
7
8
9
10
11
12
13
14
15
16
17
18
19
20
21
22
23
24
25
26
27
28
29
30
;

set F[f1]:=
1
2
3
4
5
6
7
8
9
10
11
12
;

set F[f2]:=
13
14
15
16
17
18
19
20
21
;

set F[f3]:=
22
23
24
25
26
27
28
29
30
;


set E:=
(10,5)
(5,3)
(3,2)
(2,4)
(4,9)
(9,11)
(11,10)
(2,3)
(4,2)
(8,12)
(12,1)
(1,6)
(6,7)
(7,8)
(7,6)
(6,1)
(18,17)
(17,13)
(13,20)
(20,14)
(14,15)
(15,21)
(21,18)
(14,20)
(20,13)
(19,16)
(16,19)
(25,27)
(27,24)
(24,26)
(26,29)
(29,22)
(22,28)
(28,25)
(28,22)
(25,28)
(23,30)
(30,23)
;

param b:=
[10,5] 1
[5,3] 1
[3,2] 6
[2,4] 10
[4,9] 1
[9,11] 1
[11,10] 1
[2,3] 9
[4,2] 6
[8,12] 1
[12,1] 1
[1,6] 5
[6,7] 7
[7,8] 1
[7,6] 7
[6,1] 9
[18,17] 1
[17,13] 1
[13,20] 5
[20,14] 9
[14,15] 1
[15,21] 1
[21,18] 1
[14,20] 5
[20,13] 5
[19,16] 6
[16,19] 9
[25,27] 1
[27,24] 1
[24,26] 1
[26,29] 1
[29,22] 1
[22,28] 6
[28,25] 5
[28,22] 5
[25,28] 5
[23,30] 9
[30,23] 6
;

param d:=
1	15
10	2
11	2
12	2
13	11
14	15
15	2
16	15
17	2
18	2
19	15
2	31
20	24
21	2
22	12
23	15
24	2
25	11
26	2
27	2
28	21
29	2
3	16
30	15
4	17
5	2
6	28
7	15
8	2
9	2
;


end;
