data;

param broj_grana:=38;
param N:=30;
param L1:=0.0061350;
param L2:=0.0015337;

set FC:=
f1
f2
f3
;

set V:=
1
2
3
4
5
6
7
8
9
10
11
12
13
14
15
16
17
18
19
20
21
22
23
24
25
26
27
28
29
30
;

set F[f1]:=
1
2
3
4
5
6
7
8
9
10
11
12
;

set F[f2]:=
13
14
15
16
17
18
19
20
21
;

set F[f3]:=
22
23
24
25
26
27
28
29
30
;


set E:=
(10,11)
(11,9)
(9,6)
(6,5)
(5,8)
(8,3)
(3,10)
(3,8)
(8,5)
(12,7)
(7,4)
(4,1)
(1,2)
(2,12)
(2,1)
(7,12)
(16,14)
(14,15)
(15,18)
(18,20)
(20,19)
(19,13)
(13,16)
(15,14)
(19,20)
(21,17)
(17,21)
(22,24)
(24,23)
(23,29)
(29,25)
(25,26)
(26,30)
(30,22)
(25,29)
(23,24)
(28,27)
(27,28)
;

param b:=
[10,11] 1
[11,9] 1
[9,6] 1
[6,5] 1
[5,8] 7
[8,3] 7
[3,10] 1
[3,8] 5
[8,5] 8
[12,7] 9
[7,4] 1
[4,1] 1
[1,2] 7
[2,12] 1
[2,1] 7
[7,12] 6
[16,14] 1
[14,15] 7
[15,18] 1
[18,20] 1
[20,19] 8
[19,13] 1
[13,16] 1
[15,14] 7
[19,20] 9
[21,17] 10
[17,21] 7
[22,24] 1
[24,23] 5
[23,29] 1
[29,25] 7
[25,26] 1
[26,30] 1
[30,22] 1
[25,29] 6
[23,24] 6
[28,27] 8
[27,28] 9
;

param d:=
1	15
10	2
11	2
12	16
13	2
14	15
15	15
16	2
17	17
18	2
19	18
2	15
20	18
21	17
22	2
23	12
24	12
25	14
26	2
27	17
28	17
29	14
3	13
30	2
4	2
5	16
6	2
7	16
8	27
9	2
;


end;
