data;

param broj_grana:=38;
param N:=30;
param L1:=0.0059880;
param L2:=0.0014970;

set FC:=
f1
f2
f3
;

set V:=
1
2
3
4
5
6
7
8
9
10
11
12
13
14
15
16
17
18
19
20
21
22
23
24
25
26
27
28
29
30
;

set F[f1]:=
1
2
3
4
5
6
7
8
9
10
11
12
;

set F[f2]:=
13
14
15
16
17
18
19
20
21
;

set F[f3]:=
22
23
24
25
26
27
28
29
30
;


set E:=
(11,1)
(1,2)
(2,6)
(6,3)
(3,9)
(9,10)
(10,11)
(1,11)
(9,3)
(7,4)
(4,12)
(12,8)
(8,5)
(5,7)
(12,4)
(7,5)
(16,19)
(19,18)
(18,14)
(14,17)
(17,20)
(20,13)
(13,16)
(20,17)
(19,16)
(21,15)
(15,21)
(26,23)
(23,30)
(30,22)
(22,24)
(24,25)
(25,27)
(27,26)
(24,22)
(26,27)
(29,28)
(28,29)
;

param b:=
[11,1] 9
[1,2] 1
[2,6] 1
[6,3] 1
[3,9] 10
[9,10] 1
[10,11] 1
[1,11] 7
[9,3] 9
[7,4] 1
[4,12] 5
[12,8] 1
[8,5] 1
[5,7] 8
[12,4] 10
[7,5] 6
[16,19] 6
[19,18] 1
[18,14] 1
[14,17] 1
[17,20] 9
[20,13] 1
[13,16] 1
[20,17] 5
[19,16] 9
[21,15] 9
[15,21] 8
[26,23] 1
[23,30] 1
[30,22] 1
[22,24] 9
[24,25] 1
[25,27] 1
[27,26] 6
[24,22] 8
[26,27] 5
[29,28] 6
[28,29] 5
;

param d:=
1	17
10	2
11	17
12	16
13	2
14	2
15	17
16	16
17	15
18	2
19	16
2	2
20	15
21	17
22	18
23	2
24	18
25	2
26	12
27	12
28	11
29	11
3	20
30	2
4	16
5	15
6	2
7	15
8	2
9	20
;


end;
