data;

param broj_grana:=38;
param N:=30;
param L1:=0.0059172;
param L2:=0.0014793;

set FC:=
f1
f2
f3
;

set V:=
1
2
3
4
5
6
7
8
9
10
11
12
13
14
15
16
17
18
19
20
21
22
23
24
25
26
27
28
29
30
;

set F[f1]:=
1
2
3
4
5
6
7
8
9
10
11
12
;

set F[f2]:=
13
14
15
16
17
18
19
20
21
;

set F[f3]:=
22
23
24
25
26
27
28
29
30
;


set E:=
(2,11)
(11,5)
(5,8)
(8,1)
(1,3)
(3,9)
(9,2)
(8,5)
(9,3)
(12,6)
(6,7)
(7,4)
(4,10)
(10,12)
(7,6)
(4,7)
(14,18)
(18,13)
(13,20)
(20,15)
(15,16)
(16,17)
(17,14)
(15,20)
(17,16)
(21,19)
(19,21)
(22,24)
(24,30)
(30,26)
(26,28)
(28,23)
(23,25)
(25,22)
(22,25)
(24,22)
(27,29)
(29,27)
;

param b:=
[2,11] 1
[11,5] 1
[5,8] 8
[8,1] 1
[1,3] 1
[3,9] 6
[9,2] 1
[8,5] 9
[9,3] 8
[12,6] 1
[6,7] 9
[7,4] 5
[4,10] 1
[10,12] 1
[7,6] 6
[4,7] 7
[14,18] 1
[18,13] 1
[13,20] 1
[20,15] 10
[15,16] 1
[16,17] 8
[17,14] 1
[15,20] 6
[17,16] 10
[21,19] 9
[19,21] 8
[22,24] 10
[24,30] 1
[30,26] 1
[26,28] 1
[28,23] 1
[23,25] 1
[25,22] 7
[22,25] 7
[24,22] 5
[27,29] 8
[29,27] 5
;

param d:=
1	2
10	2
11	2
12	2
13	2
14	2
15	17
16	19
17	19
18	2
19	17
2	2
20	17
21	17
22	29
23	2
24	16
25	15
26	2
27	13
28	2
29	13
3	15
30	2
4	13
5	18
6	16
7	27
8	18
9	15
;


end;
