data;

param broj_grana:=38;
param N:=30;
param L1:=0.0061350;
param L2:=0.0015337;

set FC:=
f1
f2
f3
;

set V:=
1
2
3
4
5
6
7
8
9
10
11
12
13
14
15
16
17
18
19
20
21
22
23
24
25
26
27
28
29
30
;

set F[f1]:=
1
2
3
4
5
6
7
8
9
10
11
12
;

set F[f2]:=
13
14
15
16
17
18
19
20
21
;

set F[f3]:=
22
23
24
25
26
27
28
29
30
;


set E:=
(5,7)
(7,8)
(8,4)
(4,11)
(11,2)
(2,1)
(1,5)
(8,7)
(5,1)
(6,9)
(9,10)
(10,3)
(3,12)
(12,6)
(10,9)
(9,6)
(15,16)
(16,17)
(17,13)
(13,20)
(20,19)
(19,14)
(14,15)
(20,13)
(15,14)
(18,21)
(21,18)
(23,26)
(26,28)
(28,24)
(24,30)
(30,29)
(29,22)
(22,23)
(30,24)
(22,29)
(25,27)
(27,25)
;

param b:=
[5,7] 1
[7,8] 8
[8,4] 1
[4,11] 1
[11,2] 1
[2,1] 1
[1,5] 5
[8,7] 8
[5,1] 8
[6,9] 5
[9,10] 10
[10,3] 1
[3,12] 1
[12,6] 1
[10,9] 6
[9,6] 9
[15,16] 1
[16,17] 1
[17,13] 1
[13,20] 9
[20,19] 1
[19,14] 1
[14,15] 6
[20,13] 5
[15,14] 5
[18,21] 8
[21,18] 7
[23,26] 1
[26,28] 1
[28,24] 1
[24,30] 9
[30,29] 1
[29,22] 7
[22,23] 1
[30,24] 8
[22,29] 6
[25,27] 8
[27,25] 8
;

param d:=
1	14
10	17
11	2
12	2
13	15
14	12
15	12
16	2
17	2
18	15
19	2
2	2
20	15
21	15
22	14
23	2
24	18
25	16
26	2
27	16
28	2
29	14
3	2
30	18
4	2
5	14
6	15
7	17
8	17
9	30
;


end;
