data;

param broj_grana:=257;
param N:=200;
param L1:=0.0010173;
param L2:=0.0002543;

set FC:=
f1
f2
f3
;

set V:=
1
2
3
4
5
6
7
8
9
10
11
12
13
14
15
16
17
18
19
20
21
22
23
24
25
26
27
28
29
30
31
32
33
34
35
36
37
38
39
40
41
42
43
44
45
46
47
48
49
50
51
52
53
54
55
56
57
58
59
60
61
62
63
64
65
66
67
68
69
70
71
72
73
74
75
76
77
78
79
80
81
82
83
84
85
86
87
88
89
90
91
92
93
94
95
96
97
98
99
100
101
102
103
104
105
106
107
108
109
110
111
112
113
114
115
116
117
118
119
120
121
122
123
124
125
126
127
128
129
130
131
132
133
134
135
136
137
138
139
140
141
142
143
144
145
146
147
148
149
150
151
152
153
154
155
156
157
158
159
160
161
162
163
164
165
166
167
168
169
170
171
172
173
174
175
176
177
178
179
180
181
182
183
184
185
186
187
188
189
190
191
192
193
194
195
196
197
198
199
200
;

set F[f1]:=
1
2
3
4
5
6
7
8
9
10
11
12
13
14
15
16
17
18
19
20
21
22
23
24
25
26
27
28
29
30
31
32
33
34
35
36
37
38
39
40
41
42
43
44
45
46
47
48
49
50
51
52
53
54
55
56
57
58
59
60
61
62
63
64
65
66
67
68
69
70
71
72
73
74
75
76
77
78
79
80
;

set F[f2]:=
81
82
83
84
85
86
87
88
89
90
91
92
93
94
95
96
97
98
99
100
101
102
103
104
105
106
107
108
109
110
111
112
113
114
115
116
117
118
119
120
121
122
123
124
125
126
127
128
129
130
131
132
133
134
135
136
137
138
139
140
;

set F[f3]:=
141
142
143
144
145
146
147
148
149
150
151
152
153
154
155
156
157
158
159
160
161
162
163
164
165
166
167
168
169
170
171
172
173
174
175
176
177
178
179
180
181
182
183
184
185
186
187
188
189
190
191
192
193
194
195
196
197
198
199
200
;


set E:=
(2,8)
(8,14)
(14,31)
(31,67)
(67,27)
(27,51)
(51,2)
(14,8)
(67,31)
(6,76)
(76,64)
(64,37)
(37,74)
(74,79)
(79,38)
(38,6)
(74,37)
(64,76)
(46,55)
(55,47)
(47,22)
(22,29)
(29,24)
(24,40)
(40,46)
(55,46)
(40,24)
(5,63)
(63,28)
(28,66)
(66,7)
(7,50)
(50,56)
(56,5)
(66,28)
(5,56)
(21,33)
(33,12)
(12,44)
(44,18)
(18,69)
(69,15)
(15,21)
(21,15)
(15,69)
(17,62)
(62,70)
(70,1)
(1,58)
(58,59)
(59,61)
(61,17)
(1,70)
(58,1)
(43,57)
(57,41)
(41,72)
(72,13)
(13,65)
(65,9)
(9,43)
(13,72)
(65,13)
(45,80)
(80,20)
(20,60)
(60,78)
(78,52)
(52,35)
(35,45)
(20,80)
(80,45)
(19,3)
(3,71)
(71,42)
(42,49)
(49,10)
(10,53)
(53,19)
(49,42)
(10,49)
(73,75)
(75,23)
(23,77)
(77,39)
(39,16)
(16,30)
(30,73)
(73,30)
(75,73)
(68,54)
(54,48)
(48,4)
(4,25)
(25,34)
(34,11)
(11,68)
(68,11)
(34,25)
(32,36)
(36,26)
(26,32)
(26,36)
(98,113)
(113,103)
(103,86)
(86,87)
(87,128)
(128,95)
(95,98)
(86,103)
(128,87)
(81,89)
(89,107)
(107,110)
(110,96)
(96,125)
(125,85)
(85,81)
(110,107)
(89,81)
(101,97)
(97,94)
(94,130)
(130,139)
(139,134)
(134,88)
(88,101)
(97,101)
(94,97)
(82,116)
(116,105)
(105,104)
(104,117)
(117,129)
(129,114)
(114,82)
(116,82)
(104,105)
(121,120)
(120,84)
(84,131)
(131,90)
(90,115)
(115,109)
(109,121)
(115,90)
(121,109)
(137,100)
(100,132)
(132,93)
(93,99)
(99,112)
(112,92)
(92,137)
(112,99)
(100,137)
(136,124)
(124,83)
(83,102)
(102,140)
(140,122)
(122,138)
(138,136)
(136,138)
(138,122)
(108,119)
(119,91)
(91,111)
(111,126)
(126,127)
(127,133)
(133,108)
(126,111)
(108,133)
(118,123)
(123,106)
(106,135)
(135,118)
(135,106)
(198,146)
(146,168)
(168,196)
(196,178)
(178,157)
(157,155)
(155,198)
(168,146)
(146,198)
(199,164)
(164,158)
(158,179)
(179,184)
(184,149)
(149,194)
(194,199)
(158,164)
(199,194)
(171,197)
(197,170)
(170,173)
(173,188)
(188,148)
(148,169)
(169,171)
(170,197)
(197,171)
(192,141)
(141,147)
(147,156)
(156,153)
(153,185)
(185,142)
(142,192)
(147,141)
(141,192)
(200,161)
(161,195)
(195,191)
(191,154)
(154,152)
(152,172)
(172,200)
(161,200)
(200,172)
(144,175)
(175,165)
(165,162)
(162,174)
(174,145)
(145,143)
(143,144)
(145,174)
(143,145)
(189,182)
(182,159)
(159,150)
(150,181)
(181,177)
(177,163)
(163,189)
(163,177)
(159,182)
(151,187)
(187,193)
(193,176)
(176,166)
(166,186)
(186,160)
(160,151)
(193,187)
(160,186)
(183,190)
(190,167)
(167,180)
(180,183)
(180,167)
;

param b:=
[2,8] 1
[8,14] 10
[14,31] 1
[31,67] 6
[67,27] 1
[27,51] 1
[51,2] 1
[14,8] 8
[67,31] 8
[6,76] 1
[76,64] 6
[64,37] 1
[37,74] 8
[74,79] 1
[79,38] 1
[38,6] 1
[74,37] 10
[64,76] 7
[46,55] 7
[55,47] 1
[47,22] 1
[22,29] 1
[29,24] 1
[24,40] 10
[40,46] 1
[55,46] 5
[40,24] 6
[5,63] 1
[63,28] 1
[28,66] 10
[66,7] 1
[7,50] 1
[50,56] 1
[56,5] 10
[66,28] 7
[5,56] 9
[21,33] 1
[33,12] 1
[12,44] 1
[44,18] 1
[18,69] 1
[69,15] 9
[15,21] 9
[21,15] 6
[15,69] 8
[17,62] 1
[62,70] 1
[70,1] 9
[1,58] 5
[58,59] 1
[59,61] 1
[61,17] 1
[1,70] 7
[58,1] 7
[43,57] 1
[57,41] 1
[41,72] 1
[72,13] 5
[13,65] 10
[65,9] 1
[9,43] 1
[13,72] 7
[65,13] 6
[45,80] 7
[80,20] 10
[20,60] 1
[60,78] 1
[78,52] 1
[52,35] 1
[35,45] 1
[20,80] 7
[80,45] 8
[19,3] 1
[3,71] 1
[71,42] 1
[42,49] 5
[49,10] 10
[10,53] 1
[53,19] 1
[49,42] 6
[10,49] 5
[73,75] 5
[75,23] 1
[23,77] 1
[77,39] 1
[39,16] 1
[16,30] 1
[30,73] 6
[73,30] 5
[75,73] 7
[68,54] 1
[54,48] 1
[48,4] 1
[4,25] 1
[25,34] 8
[34,11] 1
[11,68] 6
[68,11] 8
[34,25] 10
[32,36] 1
[36,26] 10
[26,32] 1
[26,36] 7
[98,113] 1
[113,103] 1
[103,86] 7
[86,87] 1
[87,128] 9
[128,95] 1
[95,98] 1
[86,103] 9
[128,87] 8
[81,89] 10
[89,107] 1
[107,110] 8
[110,96] 1
[96,125] 1
[125,85] 1
[85,81] 1
[110,107] 7
[89,81] 9
[101,97] 6
[97,94] 9
[94,130] 1
[130,139] 1
[139,134] 1
[134,88] 1
[88,101] 1
[97,101] 5
[94,97] 7
[82,116] 6
[116,105] 1
[105,104] 6
[104,117] 1
[117,129] 1
[129,114] 1
[114,82] 1
[116,82] 6
[104,105] 6
[121,120] 1
[120,84] 1
[84,131] 1
[131,90] 1
[90,115] 6
[115,109] 1
[109,121] 5
[115,90] 6
[121,109] 6
[137,100] 6
[100,132] 1
[132,93] 1
[93,99] 1
[99,112] 9
[112,92] 1
[92,137] 1
[112,99] 5
[100,137] 9
[136,124] 1
[124,83] 1
[83,102] 1
[102,140] 1
[140,122] 1
[122,138] 5
[138,136] 9
[136,138] 7
[138,122] 7
[108,119] 1
[119,91] 1
[91,111] 1
[111,126] 7
[126,127] 1
[127,133] 1
[133,108] 5
[126,111] 8
[108,133] 5
[118,123] 1
[123,106] 1
[106,135] 5
[135,118] 1
[135,106] 5
[198,146] 7
[146,168] 5
[168,196] 1
[196,178] 1
[178,157] 1
[157,155] 1
[155,198] 1
[168,146] 10
[146,198] 5
[199,164] 1
[164,158] 10
[158,179] 1
[179,184] 1
[184,149] 1
[149,194] 1
[194,199] 5
[158,164] 7
[199,194] 9
[171,197] 10
[197,170] 10
[170,173] 1
[173,188] 1
[188,148] 1
[148,169] 1
[169,171] 1
[170,197] 5
[197,171] 8
[192,141] 9
[141,147] 8
[147,156] 1
[156,153] 1
[153,185] 1
[185,142] 1
[142,192] 1
[147,141] 5
[141,192] 8
[200,161] 10
[161,195] 1
[195,191] 1
[191,154] 1
[154,152] 1
[152,172] 1
[172,200] 7
[161,200] 6
[200,172] 10
[144,175] 1
[175,165] 1
[165,162] 1
[162,174] 1
[174,145] 5
[145,143] 9
[143,144] 1
[145,174] 9
[143,145] 10
[189,182] 1
[182,159] 5
[159,150] 1
[150,181] 1
[181,177] 1
[177,163] 5
[163,189] 1
[163,177] 9
[159,182] 7
[151,187] 1
[187,193] 10
[193,176] 1
[176,166] 1
[166,186] 1
[186,160] 8
[160,151] 1
[193,187] 6
[160,186] 9
[183,190] 1
[190,167] 1
[167,180] 8
[180,183] 1
[180,167] 8
;

param d:=
1	28
10	16
100	16
101	12
102	2
103	17
104	13
105	13
106	11
107	16
108	11
109	12
11	15
110	16
111	16
112	15
113	2
114	2
115	13
116	13
117	2
118	2
119	2
12	2
120	2
121	12
122	13
123	2
124	2
125	2
126	16
127	2
128	18
129	2
13	28
130	2
131	2
132	2
133	11
134	2
135	11
136	17
137	16
138	28
139	2
14	19
140	2
141	30
142	2
143	20
144	2
145	33
146	27
147	14
148	2
149	2
15	32
150	2
151	2
152	2
153	2
154	2
155	2
156	2
157	2
158	18
159	13
16	2
160	18
161	17
162	2
163	15
164	18
165	2
166	2
167	17
168	16
169	2
17	2
170	16
171	19
172	18
173	2
174	15
175	2
176	2
177	15
178	2
179	2
18	2
180	17
181	2
182	13
183	2
184	2
185	2
186	18
187	17
188	2
189	2
19	2
190	2
191	2
192	18
193	17
194	15
195	2
196	2
197	33
198	13
199	15
2	2
20	18
200	33
21	16
22	2
23	2
24	17
25	19
26	18
27	2
28	18
29	2
3	2
30	12
31	15
32	2
33	2
34	19
35	2
36	18
37	19
38	2
39	2
4	2
40	17
41	2
42	12
43	2
44	2
45	16
46	13
47	2
48	2
49	26
5	20
50	2
51	2
52	2
53	2
54	2
55	13
56	20
57	2
58	13
59	2
6	2
60	2
61	2
62	2
63	2
64	14
65	17
66	18
67	15
68	15
69	18
7	2
70	17
71	2
72	13
73	23
74	19
75	13
76	14
77	2
78	2
79	2
8	19
80	32
81	20
82	13
83	2
84	2
85	2
86	17
87	18
88	2
89	20
9	2
90	13
91	2
92	2
93	2
94	17
95	2
96	2
97	27
98	2
99	15
;


end;
