data;

param broj_grana:=257;
param N:=200;
param L1:=0.0010020;
param L2:=0.0002505;

set FC:=
f1
f2
f3
;

set V:=
1
2
3
4
5
6
7
8
9
10
11
12
13
14
15
16
17
18
19
20
21
22
23
24
25
26
27
28
29
30
31
32
33
34
35
36
37
38
39
40
41
42
43
44
45
46
47
48
49
50
51
52
53
54
55
56
57
58
59
60
61
62
63
64
65
66
67
68
69
70
71
72
73
74
75
76
77
78
79
80
81
82
83
84
85
86
87
88
89
90
91
92
93
94
95
96
97
98
99
100
101
102
103
104
105
106
107
108
109
110
111
112
113
114
115
116
117
118
119
120
121
122
123
124
125
126
127
128
129
130
131
132
133
134
135
136
137
138
139
140
141
142
143
144
145
146
147
148
149
150
151
152
153
154
155
156
157
158
159
160
161
162
163
164
165
166
167
168
169
170
171
172
173
174
175
176
177
178
179
180
181
182
183
184
185
186
187
188
189
190
191
192
193
194
195
196
197
198
199
200
;

set F[f1]:=
1
2
3
4
5
6
7
8
9
10
11
12
13
14
15
16
17
18
19
20
21
22
23
24
25
26
27
28
29
30
31
32
33
34
35
36
37
38
39
40
41
42
43
44
45
46
47
48
49
50
51
52
53
54
55
56
57
58
59
60
61
62
63
64
65
66
67
68
69
70
71
72
73
74
75
76
77
78
79
80
;

set F[f2]:=
81
82
83
84
85
86
87
88
89
90
91
92
93
94
95
96
97
98
99
100
101
102
103
104
105
106
107
108
109
110
111
112
113
114
115
116
117
118
119
120
121
122
123
124
125
126
127
128
129
130
131
132
133
134
135
136
137
138
139
140
;

set F[f3]:=
141
142
143
144
145
146
147
148
149
150
151
152
153
154
155
156
157
158
159
160
161
162
163
164
165
166
167
168
169
170
171
172
173
174
175
176
177
178
179
180
181
182
183
184
185
186
187
188
189
190
191
192
193
194
195
196
197
198
199
200
;


set E:=
(52,5)
(5,37)
(37,23)
(23,79)
(79,73)
(73,75)
(75,52)
(79,23)
(52,75)
(41,63)
(63,16)
(16,11)
(11,13)
(13,4)
(4,71)
(71,41)
(16,63)
(63,41)
(56,53)
(53,54)
(54,67)
(67,49)
(49,51)
(51,39)
(39,56)
(51,49)
(39,51)
(74,78)
(78,60)
(60,62)
(62,64)
(64,29)
(29,26)
(26,74)
(62,60)
(74,26)
(30,17)
(17,14)
(14,72)
(72,18)
(18,2)
(2,7)
(7,30)
(30,7)
(18,72)
(47,77)
(77,70)
(70,34)
(34,6)
(6,21)
(21,46)
(46,47)
(6,34)
(21,6)
(50,59)
(59,1)
(1,24)
(24,45)
(45,10)
(10,31)
(31,50)
(31,10)
(24,1)
(3,61)
(61,76)
(76,48)
(48,35)
(35,36)
(36,20)
(20,3)
(48,76)
(20,36)
(44,28)
(28,19)
(19,65)
(65,55)
(55,22)
(22,58)
(58,44)
(44,58)
(28,44)
(57,38)
(38,32)
(32,25)
(25,69)
(69,12)
(12,27)
(27,57)
(27,12)
(38,57)
(80,15)
(15,43)
(43,33)
(33,9)
(9,8)
(8,42)
(42,80)
(33,43)
(42,8)
(66,40)
(40,68)
(68,66)
(66,68)
(92,133)
(133,116)
(116,91)
(91,86)
(86,130)
(130,110)
(110,92)
(110,130)
(133,92)
(87,125)
(125,117)
(117,129)
(129,137)
(137,89)
(89,126)
(126,87)
(117,125)
(125,87)
(84,94)
(94,90)
(90,106)
(106,112)
(112,83)
(83,119)
(119,84)
(84,119)
(90,94)
(102,109)
(109,104)
(104,115)
(115,139)
(139,99)
(99,95)
(95,102)
(95,99)
(139,115)
(113,97)
(97,114)
(114,132)
(132,121)
(121,88)
(88,134)
(134,113)
(132,114)
(134,88)
(105,93)
(93,101)
(101,122)
(122,128)
(128,124)
(124,96)
(96,105)
(101,93)
(124,128)
(98,103)
(103,127)
(127,135)
(135,118)
(118,108)
(108,131)
(131,98)
(98,131)
(103,98)
(120,107)
(107,123)
(123,140)
(140,111)
(111,138)
(138,136)
(136,120)
(140,123)
(111,140)
(85,81)
(81,82)
(82,100)
(100,85)
(100,82)
(146,178)
(178,156)
(156,148)
(148,157)
(157,142)
(142,191)
(191,146)
(157,148)
(191,142)
(150,189)
(189,185)
(185,165)
(165,194)
(194,193)
(193,168)
(168,150)
(185,189)
(168,193)
(166,152)
(152,199)
(199,158)
(158,153)
(153,151)
(151,192)
(192,166)
(152,166)
(166,192)
(184,181)
(181,174)
(174,161)
(161,144)
(144,167)
(167,162)
(162,184)
(167,144)
(162,167)
(163,188)
(188,173)
(173,175)
(175,159)
(159,183)
(183,145)
(145,163)
(173,188)
(163,145)
(171,160)
(160,200)
(200,143)
(143,180)
(180,170)
(170,179)
(179,171)
(170,180)
(180,143)
(154,172)
(172,155)
(155,164)
(164,169)
(169,177)
(177,196)
(196,154)
(196,177)
(169,164)
(190,195)
(195,147)
(147,149)
(149,186)
(186,141)
(141,187)
(187,190)
(190,187)
(195,190)
(182,197)
(197,198)
(198,176)
(176,182)
(176,198)
;

param b:=
[52,5] 1
[5,37] 1
[37,23] 1
[23,79] 7
[79,73] 1
[73,75] 1
[75,52] 6
[79,23] 8
[52,75] 10
[41,63] 10
[63,16] 8
[16,11] 1
[11,13] 1
[13,4] 1
[4,71] 1
[71,41] 1
[16,63] 7
[63,41] 7
[56,53] 1
[53,54] 1
[54,67] 1
[67,49] 1
[49,51] 6
[51,39] 5
[39,56] 1
[51,49] 6
[39,51] 9
[74,78] 1
[78,60] 1
[60,62] 6
[62,64] 1
[64,29] 1
[29,26] 1
[26,74] 5
[62,60] 5
[74,26] 6
[30,17] 1
[17,14] 1
[14,72] 1
[72,18] 10
[18,2] 1
[2,7] 1
[7,30] 8
[30,7] 10
[18,72] 5
[47,77] 1
[77,70] 1
[70,34] 1
[34,6] 6
[6,21] 7
[21,46] 1
[46,47] 1
[6,34] 7
[21,6] 6
[50,59] 1
[59,1] 1
[1,24] 9
[24,45] 1
[45,10] 1
[10,31] 6
[31,50] 1
[31,10] 5
[24,1] 5
[3,61] 1
[61,76] 1
[76,48] 10
[48,35] 1
[35,36] 1
[36,20] 7
[20,3] 1
[48,76] 10
[20,36] 6
[44,28] 9
[28,19] 1
[19,65] 1
[65,55] 1
[55,22] 1
[22,58] 1
[58,44] 6
[44,58] 5
[28,44] 10
[57,38] 5
[38,32] 1
[32,25] 1
[25,69] 1
[69,12] 1
[12,27] 7
[27,57] 1
[27,12] 7
[38,57] 5
[80,15] 1
[15,43] 1
[43,33] 8
[33,9] 1
[9,8] 1
[8,42] 10
[42,80] 1
[33,43] 8
[42,8] 10
[66,40] 1
[40,68] 1
[68,66] 6
[66,68] 7
[92,133] 10
[133,116] 1
[116,91] 1
[91,86] 1
[86,130] 1
[130,110] 7
[110,92] 1
[110,130] 9
[133,92] 10
[87,125] 6
[125,117] 9
[117,129] 1
[129,137] 1
[137,89] 1
[89,126] 1
[126,87] 1
[117,125] 8
[125,87] 7
[84,94] 1
[94,90] 7
[90,106] 1
[106,112] 1
[112,83] 1
[83,119] 1
[119,84] 5
[84,119] 8
[90,94] 6
[102,109] 1
[109,104] 1
[104,115] 1
[115,139] 5
[139,99] 1
[99,95] 6
[95,102] 1
[95,99] 6
[139,115] 10
[113,97] 1
[97,114] 1
[114,132] 9
[132,121] 1
[121,88] 1
[88,134] 8
[134,113] 1
[132,114] 6
[134,88] 8
[105,93] 1
[93,101] 7
[101,122] 1
[122,128] 1
[128,124] 10
[124,96] 1
[96,105] 1
[101,93] 9
[124,128] 5
[98,103] 5
[103,127] 1
[127,135] 1
[135,118] 1
[118,108] 1
[108,131] 1
[131,98] 7
[98,131] 10
[103,98] 10
[120,107] 1
[107,123] 1
[123,140] 7
[140,111] 6
[111,138] 1
[138,136] 1
[136,120] 1
[140,123] 7
[111,140] 8
[85,81] 1
[81,82] 1
[82,100] 9
[100,85] 1
[100,82] 7
[146,178] 1
[178,156] 1
[156,148] 1
[148,157] 8
[157,142] 1
[142,191] 10
[191,146] 1
[157,148] 9
[191,142] 6
[150,189] 1
[189,185] 5
[185,165] 1
[165,194] 1
[194,193] 1
[193,168] 10
[168,150] 1
[185,189] 9
[168,193] 5
[166,152] 8
[152,199] 1
[199,158] 1
[158,153] 1
[153,151] 1
[151,192] 1
[192,166] 9
[152,166] 10
[166,192] 7
[184,181] 1
[181,174] 1
[174,161] 1
[161,144] 1
[144,167] 6
[167,162] 6
[162,184] 1
[167,144] 6
[162,167] 6
[163,188] 1
[188,173] 7
[173,175] 1
[175,159] 1
[159,183] 1
[183,145] 1
[145,163] 6
[173,188] 6
[163,145] 9
[171,160] 1
[160,200] 1
[200,143] 1
[143,180] 9
[180,170] 9
[170,179] 1
[179,171] 1
[170,180] 7
[180,143] 9
[154,172] 1
[172,155] 1
[155,164] 1
[164,169] 9
[169,177] 1
[177,196] 5
[196,154] 1
[196,177] 9
[169,164] 8
[190,195] 9
[195,147] 1
[147,149] 1
[149,186] 1
[186,141] 1
[141,187] 1
[187,190] 8
[190,187] 10
[195,190] 10
[182,197] 1
[197,198] 1
[198,176] 8
[176,182] 1
[176,198] 9
;

param d:=
1	15
10	12
100	17
101	17
102	2
103	16
104	2
105	2
106	2
107	2
108	2
109	2
11	2
110	17
111	15
112	2
113	2
114	16
115	16
116	2
117	18
118	2
119	14
12	15
120	2
121	2
122	2
123	15
124	16
125	30
126	2
127	2
128	16
129	2
13	2
130	17
131	18
132	16
133	21
134	17
135	2
136	2
137	2
138	2
139	16
14	2
140	28
141	2
142	17
143	19
144	13
145	16
146	2
147	2
148	18
149	2
15	2
150	2
151	2
152	19
153	2
154	2
155	2
156	2
157	18
158	2
159	2
16	16
160	2
161	2
162	13
163	16
164	18
165	2
166	34
167	24
168	16
169	18
17	2
170	17
171	2
172	2
173	14
174	2
175	2
176	18
177	15
178	2
179	2
18	16
180	34
181	2
182	2
183	2
184	2
185	15
186	2
187	19
188	14
189	15
19	2
190	37
191	17
192	17
193	16
194	2
195	20
196	15
197	2
198	18
199	2
2	2
20	14
200	2
21	14
22	2
23	16
24	15
25	2
26	12
27	15
28	20
29	2
3	2
30	19
31	12
32	2
33	17
34	14
35	2
36	14
37	2
38	11
39	15
4	2
40	2
41	18
42	21
43	17
44	30
45	2
46	2
47	2
48	21
49	13
5	2
50	2
51	26
52	17
53	2
54	2
55	2
56	2
57	11
58	12
59	2
6	26
60	12
61	2
62	12
63	32
64	2
65	2
66	14
67	2
68	14
69	2
7	19
70	2
71	2
72	16
73	2
74	12
75	17
76	21
77	2
78	2
79	16
8	21
80	2
81	2
82	17
83	2
84	14
85	2
86	2
87	14
88	17
89	2
9	2
90	14
91	2
92	21
93	17
94	14
95	13
96	2
97	2
98	32
99	13
;


end;
