data;

param broj_grana:=257;
param N:=200;
param L1:=0.0010373;
param L2:=0.0002593;

set FC:=
f1
f2
f3
;

set V:=
1
2
3
4
5
6
7
8
9
10
11
12
13
14
15
16
17
18
19
20
21
22
23
24
25
26
27
28
29
30
31
32
33
34
35
36
37
38
39
40
41
42
43
44
45
46
47
48
49
50
51
52
53
54
55
56
57
58
59
60
61
62
63
64
65
66
67
68
69
70
71
72
73
74
75
76
77
78
79
80
81
82
83
84
85
86
87
88
89
90
91
92
93
94
95
96
97
98
99
100
101
102
103
104
105
106
107
108
109
110
111
112
113
114
115
116
117
118
119
120
121
122
123
124
125
126
127
128
129
130
131
132
133
134
135
136
137
138
139
140
141
142
143
144
145
146
147
148
149
150
151
152
153
154
155
156
157
158
159
160
161
162
163
164
165
166
167
168
169
170
171
172
173
174
175
176
177
178
179
180
181
182
183
184
185
186
187
188
189
190
191
192
193
194
195
196
197
198
199
200
;

set F[f1]:=
1
2
3
4
5
6
7
8
9
10
11
12
13
14
15
16
17
18
19
20
21
22
23
24
25
26
27
28
29
30
31
32
33
34
35
36
37
38
39
40
41
42
43
44
45
46
47
48
49
50
51
52
53
54
55
56
57
58
59
60
61
62
63
64
65
66
67
68
69
70
71
72
73
74
75
76
77
78
79
80
;

set F[f2]:=
81
82
83
84
85
86
87
88
89
90
91
92
93
94
95
96
97
98
99
100
101
102
103
104
105
106
107
108
109
110
111
112
113
114
115
116
117
118
119
120
121
122
123
124
125
126
127
128
129
130
131
132
133
134
135
136
137
138
139
140
;

set F[f3]:=
141
142
143
144
145
146
147
148
149
150
151
152
153
154
155
156
157
158
159
160
161
162
163
164
165
166
167
168
169
170
171
172
173
174
175
176
177
178
179
180
181
182
183
184
185
186
187
188
189
190
191
192
193
194
195
196
197
198
199
200
;


set E:=
(25,59)
(59,6)
(6,15)
(15,53)
(53,78)
(78,47)
(47,25)
(47,78)
(59,25)
(71,2)
(2,27)
(27,31)
(31,54)
(54,67)
(67,20)
(20,71)
(31,27)
(71,20)
(69,12)
(12,32)
(32,65)
(65,40)
(40,38)
(38,68)
(68,69)
(68,38)
(65,32)
(56,29)
(29,79)
(79,30)
(30,74)
(74,45)
(45,60)
(60,56)
(79,29)
(29,56)
(19,10)
(10,50)
(50,21)
(21,77)
(77,22)
(22,63)
(63,19)
(63,22)
(19,63)
(55,9)
(9,1)
(1,75)
(75,58)
(58,62)
(62,70)
(70,55)
(55,70)
(75,1)
(48,49)
(49,64)
(64,34)
(34,28)
(28,39)
(39,4)
(4,48)
(4,39)
(34,64)
(52,36)
(36,51)
(51,57)
(57,11)
(11,72)
(72,76)
(76,52)
(51,36)
(36,52)
(37,66)
(66,17)
(17,43)
(43,14)
(14,8)
(8,5)
(5,37)
(66,37)
(17,66)
(44,35)
(35,24)
(24,33)
(33,13)
(13,80)
(80,61)
(61,44)
(13,33)
(35,44)
(3,23)
(23,7)
(7,26)
(26,73)
(73,46)
(46,18)
(18,3)
(26,7)
(7,23)
(42,41)
(41,16)
(16,42)
(41,42)
(140,118)
(118,115)
(115,128)
(128,87)
(87,131)
(131,126)
(126,140)
(128,115)
(140,126)
(85,82)
(82,130)
(130,88)
(88,139)
(139,110)
(110,132)
(132,85)
(132,110)
(82,85)
(135,123)
(123,133)
(133,100)
(100,112)
(112,103)
(103,97)
(97,135)
(123,135)
(133,123)
(98,95)
(95,81)
(81,92)
(92,117)
(117,122)
(122,138)
(138,98)
(138,122)
(81,95)
(89,119)
(119,125)
(125,124)
(124,111)
(111,104)
(104,84)
(84,89)
(125,119)
(104,111)
(120,105)
(105,93)
(93,96)
(96,114)
(114,86)
(86,127)
(127,120)
(86,114)
(93,105)
(137,113)
(113,94)
(94,91)
(91,121)
(121,109)
(109,129)
(129,137)
(109,121)
(113,137)
(83,101)
(101,106)
(106,136)
(136,108)
(108,116)
(116,90)
(90,83)
(116,108)
(108,136)
(99,134)
(134,102)
(102,107)
(107,99)
(102,134)
(191,143)
(143,175)
(175,158)
(158,169)
(169,167)
(167,171)
(171,191)
(191,171)
(175,143)
(166,183)
(183,165)
(165,146)
(146,178)
(178,198)
(198,163)
(163,166)
(178,146)
(146,165)
(144,160)
(160,186)
(186,179)
(179,193)
(193,157)
(157,180)
(180,144)
(180,157)
(186,160)
(172,177)
(177,182)
(182,142)
(142,196)
(196,200)
(200,159)
(159,172)
(172,159)
(200,196)
(164,176)
(176,155)
(155,188)
(188,184)
(184,162)
(162,173)
(173,164)
(155,176)
(188,155)
(195,168)
(168,151)
(151,145)
(145,154)
(154,153)
(153,161)
(161,195)
(161,153)
(168,195)
(199,187)
(187,141)
(141,147)
(147,156)
(156,181)
(181,152)
(152,199)
(156,147)
(187,199)
(197,192)
(192,190)
(190,170)
(170,174)
(174,189)
(189,149)
(149,197)
(170,190)
(192,197)
(150,185)
(185,148)
(148,194)
(194,150)
(148,185)
;

param b:=
[25,59] 5
[59,6] 1
[6,15] 1
[15,53] 1
[53,78] 1
[78,47] 7
[47,25] 1
[47,78] 8
[59,25] 10
[71,2] 1
[2,27] 1
[27,31] 8
[31,54] 1
[54,67] 1
[67,20] 1
[20,71] 8
[31,27] 5
[71,20] 5
[69,12] 1
[12,32] 1
[32,65] 5
[65,40] 1
[40,38] 1
[38,68] 7
[68,69] 1
[68,38] 6
[65,32] 8
[56,29] 6
[29,79] 5
[79,30] 1
[30,74] 1
[74,45] 1
[45,60] 1
[60,56] 1
[79,29] 10
[29,56] 6
[19,10] 1
[10,50] 1
[50,21] 1
[21,77] 1
[77,22] 1
[22,63] 5
[63,19] 5
[63,22] 10
[19,63] 5
[55,9] 1
[9,1] 1
[1,75] 9
[75,58] 1
[58,62] 1
[62,70] 1
[70,55] 6
[55,70] 6
[75,1] 10
[48,49] 1
[49,64] 1
[64,34] 6
[34,28] 1
[28,39] 1
[39,4] 10
[4,48] 1
[4,39] 6
[34,64] 9
[52,36] 7
[36,51] 7
[51,57] 1
[57,11] 1
[11,72] 1
[72,76] 1
[76,52] 1
[51,36] 7
[36,52] 5
[37,66] 6
[66,17] 6
[17,43] 1
[43,14] 1
[14,8] 1
[8,5] 1
[5,37] 1
[66,37] 10
[17,66] 5
[44,35] 6
[35,24] 1
[24,33] 1
[33,13] 7
[13,80] 1
[80,61] 1
[61,44] 1
[13,33] 5
[35,44] 10
[3,23] 1
[23,7] 10
[7,26] 6
[26,73] 1
[73,46] 1
[46,18] 1
[18,3] 1
[26,7] 7
[7,23] 5
[42,41] 8
[41,16] 1
[16,42] 1
[41,42] 8
[140,118] 1
[118,115] 1
[115,128] 6
[128,87] 1
[87,131] 1
[131,126] 1
[126,140] 9
[128,115] 5
[140,126] 5
[85,82] 8
[82,130] 1
[130,88] 1
[88,139] 1
[139,110] 1
[110,132] 5
[132,85] 1
[132,110] 8
[82,85] 6
[135,123] 7
[123,133] 5
[133,100] 1
[100,112] 1
[112,103] 1
[103,97] 1
[97,135] 1
[123,135] 5
[133,123] 7
[98,95] 1
[95,81] 5
[81,92] 1
[92,117] 1
[117,122] 1
[122,138] 6
[138,98] 1
[138,122] 6
[81,95] 6
[89,119] 1
[119,125] 5
[125,124] 1
[124,111] 1
[111,104] 10
[104,84] 1
[84,89] 1
[125,119] 8
[104,111] 9
[120,105] 1
[105,93] 10
[93,96] 1
[96,114] 1
[114,86] 8
[86,127] 1
[127,120] 1
[86,114] 6
[93,105] 5
[137,113] 7
[113,94] 1
[94,91] 1
[91,121] 1
[121,109] 5
[109,129] 1
[129,137] 1
[109,121] 9
[113,137] 8
[83,101] 1
[101,106] 1
[106,136] 1
[136,108] 10
[108,116] 10
[116,90] 1
[90,83] 1
[116,108] 5
[108,136] 5
[99,134] 1
[134,102] 8
[102,107] 1
[107,99] 1
[102,134] 10
[191,143] 1
[143,175] 9
[175,158] 1
[158,169] 1
[169,167] 1
[167,171] 1
[171,191] 10
[191,171] 9
[175,143] 7
[166,183] 1
[183,165] 1
[165,146] 8
[146,178] 6
[178,198] 1
[198,163] 1
[163,166] 1
[178,146] 6
[146,165] 10
[144,160] 1
[160,186] 10
[186,179] 1
[179,193] 1
[193,157] 1
[157,180] 6
[180,144] 1
[180,157] 6
[186,160] 9
[172,177] 1
[177,182] 1
[182,142] 1
[142,196] 1
[196,200] 10
[200,159] 1
[159,172] 9
[172,159] 8
[200,196] 5
[164,176] 1
[176,155] 9
[155,188] 7
[188,184] 1
[184,162] 1
[162,173] 1
[173,164] 1
[155,176] 10
[188,155] 10
[195,168] 9
[168,151] 1
[151,145] 1
[145,154] 1
[154,153] 1
[153,161] 10
[161,195] 1
[161,153] 6
[168,195] 9
[199,187] 6
[187,141] 1
[141,147] 1
[147,156] 7
[156,181] 1
[181,152] 1
[152,199] 1
[156,147] 6
[187,199] 9
[197,192] 5
[192,190] 1
[190,170] 5
[170,174] 1
[174,189] 1
[189,149] 1
[149,197] 1
[170,190] 7
[192,197] 9
[150,185] 1
[185,148] 5
[148,194] 1
[194,150] 1
[148,185] 6
;

param d:=
1	20
10	2
100	2
101	2
102	19
103	2
104	20
105	16
106	2
107	2
108	30
109	15
11	2
110	14
111	20
112	2
113	16
114	15
115	12
116	16
117	2
118	2
119	14
12	2
120	2
121	15
122	13
123	24
124	2
125	14
126	15
127	2
128	12
129	2
13	13
130	2
131	2
132	14
133	13
134	19
135	13
136	16
137	16
138	13
139	2
14	2
140	15
141	2
142	2
143	17
144	2
145	2
146	30
147	14
148	12
149	2
15	2
150	2
151	2
152	2
153	17
154	2
155	36
156	14
157	13
158	2
159	18
16	2
160	20
161	17
162	2
163	2
164	2
165	19
166	2
167	2
168	19
169	2
17	12
170	13
171	20
172	18
173	2
174	2
175	17
176	20
177	2
178	13
179	2
18	2
180	13
181	2
182	2
183	2
184	2
185	12
186	20
187	16
188	18
189	2
19	11
190	13
191	20
192	15
193	2
194	2
195	19
196	16
197	15
198	2
199	16
2	2
20	14
200	16
21	2
22	16
23	16
24	2
25	16
26	14
27	14
28	2
29	27
3	2
30	2
31	14
32	14
33	13
34	16
35	17
36	26
37	17
38	14
39	17
4	17
40	2
41	17
42	17
43	2
44	17
45	2
46	2
47	16
48	2
49	2
5	2
50	2
51	15
52	13
53	2
54	2
55	13
56	13
57	2
58	2
59	16
6	2
60	2
61	2
62	2
63	25
64	16
65	14
66	27
67	2
68	14
69	2
7	28
70	13
71	14
72	2
73	2
74	2
75	20
76	2
77	2
78	16
79	16
8	2
80	2
81	12
82	15
83	2
84	2
85	15
86	15
87	2
88	2
89	2
9	2
90	2
91	2
92	2
93	16
94	2
95	12
96	2
97	2
98	2
99	2
;


end;
