data;

param broj_grana:=257;
param N:=200;
param L1:=0.0010010;
param L2:=0.0002503;

set FC:=
f1
f2
f3
;

set V:=
1
2
3
4
5
6
7
8
9
10
11
12
13
14
15
16
17
18
19
20
21
22
23
24
25
26
27
28
29
30
31
32
33
34
35
36
37
38
39
40
41
42
43
44
45
46
47
48
49
50
51
52
53
54
55
56
57
58
59
60
61
62
63
64
65
66
67
68
69
70
71
72
73
74
75
76
77
78
79
80
81
82
83
84
85
86
87
88
89
90
91
92
93
94
95
96
97
98
99
100
101
102
103
104
105
106
107
108
109
110
111
112
113
114
115
116
117
118
119
120
121
122
123
124
125
126
127
128
129
130
131
132
133
134
135
136
137
138
139
140
141
142
143
144
145
146
147
148
149
150
151
152
153
154
155
156
157
158
159
160
161
162
163
164
165
166
167
168
169
170
171
172
173
174
175
176
177
178
179
180
181
182
183
184
185
186
187
188
189
190
191
192
193
194
195
196
197
198
199
200
;

set F[f1]:=
1
2
3
4
5
6
7
8
9
10
11
12
13
14
15
16
17
18
19
20
21
22
23
24
25
26
27
28
29
30
31
32
33
34
35
36
37
38
39
40
41
42
43
44
45
46
47
48
49
50
51
52
53
54
55
56
57
58
59
60
61
62
63
64
65
66
67
68
69
70
71
72
73
74
75
76
77
78
79
80
;

set F[f2]:=
81
82
83
84
85
86
87
88
89
90
91
92
93
94
95
96
97
98
99
100
101
102
103
104
105
106
107
108
109
110
111
112
113
114
115
116
117
118
119
120
121
122
123
124
125
126
127
128
129
130
131
132
133
134
135
136
137
138
139
140
;

set F[f3]:=
141
142
143
144
145
146
147
148
149
150
151
152
153
154
155
156
157
158
159
160
161
162
163
164
165
166
167
168
169
170
171
172
173
174
175
176
177
178
179
180
181
182
183
184
185
186
187
188
189
190
191
192
193
194
195
196
197
198
199
200
;


set E:=
(50,66)
(66,46)
(46,1)
(1,4)
(4,30)
(30,74)
(74,50)
(74,30)
(4,1)
(62,59)
(59,45)
(45,33)
(33,72)
(72,68)
(68,56)
(56,62)
(72,33)
(59,62)
(9,5)
(5,42)
(42,47)
(47,61)
(61,7)
(7,57)
(57,9)
(42,5)
(5,9)
(25,75)
(75,18)
(18,13)
(13,44)
(44,65)
(65,31)
(31,25)
(65,44)
(25,31)
(21,12)
(12,8)
(8,40)
(40,27)
(27,3)
(3,78)
(78,21)
(8,12)
(12,21)
(26,11)
(11,79)
(79,20)
(20,29)
(29,76)
(76,19)
(19,26)
(79,11)
(11,26)
(43,15)
(15,23)
(23,37)
(37,6)
(6,2)
(2,70)
(70,43)
(37,23)
(43,70)
(63,32)
(32,64)
(64,36)
(36,67)
(67,22)
(22,14)
(14,63)
(64,32)
(63,14)
(38,48)
(48,10)
(10,52)
(52,55)
(55,17)
(17,24)
(24,38)
(38,24)
(52,10)
(69,16)
(16,71)
(71,35)
(35,60)
(60,77)
(77,28)
(28,69)
(69,28)
(60,35)
(34,49)
(49,73)
(73,39)
(39,80)
(80,54)
(54,58)
(58,34)
(49,34)
(34,58)
(51,41)
(41,53)
(53,51)
(53,41)
(105,94)
(94,131)
(131,98)
(98,96)
(96,129)
(129,138)
(138,105)
(96,98)
(98,131)
(87,83)
(83,82)
(82,110)
(110,121)
(121,111)
(111,97)
(97,87)
(121,110)
(111,121)
(86,101)
(101,113)
(113,89)
(89,132)
(132,100)
(100,125)
(125,86)
(101,86)
(100,132)
(127,119)
(119,106)
(106,95)
(95,92)
(92,108)
(108,104)
(104,127)
(106,119)
(119,127)
(102,118)
(118,134)
(134,136)
(136,91)
(91,85)
(85,124)
(124,102)
(85,91)
(124,85)
(115,116)
(116,99)
(99,120)
(120,135)
(135,90)
(90,122)
(122,115)
(135,120)
(99,116)
(93,107)
(107,117)
(117,137)
(137,128)
(128,114)
(114,130)
(130,93)
(128,137)
(137,117)
(88,126)
(126,112)
(112,84)
(84,140)
(140,139)
(139,81)
(81,88)
(139,140)
(81,139)
(133,103)
(103,109)
(109,123)
(123,133)
(109,103)
(160,162)
(162,159)
(159,145)
(145,143)
(143,169)
(169,199)
(199,160)
(169,143)
(160,199)
(171,148)
(148,183)
(183,192)
(192,176)
(176,157)
(157,172)
(172,171)
(171,172)
(176,192)
(186,150)
(150,158)
(158,170)
(170,146)
(146,182)
(182,187)
(187,186)
(182,146)
(158,150)
(164,178)
(178,163)
(163,167)
(167,165)
(165,181)
(181,174)
(174,164)
(167,163)
(164,174)
(155,197)
(197,152)
(152,161)
(161,149)
(149,188)
(188,179)
(179,155)
(197,155)
(152,197)
(142,200)
(200,193)
(193,168)
(168,144)
(144,198)
(198,190)
(190,142)
(190,198)
(168,193)
(194,189)
(189,151)
(151,166)
(166,195)
(195,177)
(177,180)
(180,194)
(194,180)
(166,151)
(196,191)
(191,156)
(156,147)
(147,173)
(173,184)
(184,154)
(154,196)
(184,173)
(147,156)
(175,141)
(141,185)
(185,153)
(153,175)
(175,153)
;

param b:=
[50,66] 1
[66,46] 1
[46,1] 1
[1,4] 5
[4,30] 1
[30,74] 9
[74,50] 1
[74,30] 10
[4,1] 7
[62,59] 9
[59,45] 1
[45,33] 1
[33,72] 7
[72,68] 1
[68,56] 1
[56,62] 1
[72,33] 6
[59,62] 6
[9,5] 5
[5,42] 7
[42,47] 1
[47,61] 1
[61,7] 1
[7,57] 1
[57,9] 1
[42,5] 9
[5,9] 5
[25,75] 1
[75,18] 1
[18,13] 1
[13,44] 1
[44,65] 10
[65,31] 1
[31,25] 5
[65,44] 7
[25,31] 6
[21,12] 5
[12,8] 6
[8,40] 1
[40,27] 1
[27,3] 1
[3,78] 1
[78,21] 1
[8,12] 9
[12,21] 9
[26,11] 7
[11,79] 5
[79,20] 1
[20,29] 1
[29,76] 1
[76,19] 1
[19,26] 1
[79,11] 6
[11,26] 9
[43,15] 1
[15,23] 1
[23,37] 9
[37,6] 1
[6,2] 1
[2,70] 1
[70,43] 9
[37,23] 10
[43,70] 7
[63,32] 1
[32,64] 7
[64,36] 1
[36,67] 1
[67,22] 1
[22,14] 1
[14,63] 6
[64,32] 10
[63,14] 6
[38,48] 1
[48,10] 1
[10,52] 7
[52,55] 1
[55,17] 1
[17,24] 1
[24,38] 7
[38,24] 10
[52,10] 9
[69,16] 1
[16,71] 1
[71,35] 1
[35,60] 10
[60,77] 1
[77,28] 1
[28,69] 6
[69,28] 9
[60,35] 6
[34,49] 9
[49,73] 1
[73,39] 1
[39,80] 1
[80,54] 1
[54,58] 1
[58,34] 9
[49,34] 10
[34,58] 9
[51,41] 1
[41,53] 6
[53,51] 1
[53,41] 9
[105,94] 1
[94,131] 1
[131,98] 5
[98,96] 10
[96,129] 1
[129,138] 1
[138,105] 1
[96,98] 10
[98,131] 8
[87,83] 1
[83,82] 1
[82,110] 1
[110,121] 9
[121,111] 9
[111,97] 1
[97,87] 1
[121,110] 6
[111,121] 10
[86,101] 10
[101,113] 1
[113,89] 1
[89,132] 1
[132,100] 6
[100,125] 1
[125,86] 1
[101,86] 8
[100,132] 9
[127,119] 5
[119,106] 6
[106,95] 1
[95,92] 1
[92,108] 1
[108,104] 1
[104,127] 1
[106,119] 7
[119,127] 5
[102,118] 1
[118,134] 1
[134,136] 1
[136,91] 1
[91,85] 7
[85,124] 8
[124,102] 1
[85,91] 6
[124,85] 7
[115,116] 1
[116,99] 6
[99,120] 1
[120,135] 8
[135,90] 1
[90,122] 1
[122,115] 1
[135,120] 7
[99,116] 8
[93,107] 1
[107,117] 1
[117,137] 10
[137,128] 7
[128,114] 1
[114,130] 1
[130,93] 1
[128,137] 7
[137,117] 7
[88,126] 1
[126,112] 1
[112,84] 1
[84,140] 1
[140,139] 10
[139,81] 6
[81,88] 1
[139,140] 9
[81,139] 6
[133,103] 1
[103,109] 5
[109,123] 1
[123,133] 1
[109,103] 7
[160,162] 1
[162,159] 1
[159,145] 1
[145,143] 1
[143,169] 6
[169,199] 1
[199,160] 6
[169,143] 9
[160,199] 9
[171,148] 1
[148,183] 1
[183,192] 1
[192,176] 10
[176,157] 1
[157,172] 1
[172,171] 5
[171,172] 8
[176,192] 7
[186,150] 1
[150,158] 5
[158,170] 1
[170,146] 1
[146,182] 7
[182,187] 1
[187,186] 1
[182,146] 10
[158,150] 9
[164,178] 1
[178,163] 1
[163,167] 8
[167,165] 1
[165,181] 1
[181,174] 1
[174,164] 5
[167,163] 5
[164,174] 5
[155,197] 8
[197,152] 9
[152,161] 1
[161,149] 1
[149,188] 1
[188,179] 1
[179,155] 1
[197,155] 9
[152,197] 9
[142,200] 1
[200,193] 1
[193,168] 5
[168,144] 1
[144,198] 1
[198,190] 5
[190,142] 1
[190,198] 9
[168,193] 7
[194,189] 1
[189,151] 1
[151,166] 6
[166,195] 1
[195,177] 1
[177,180] 1
[180,194] 10
[194,180] 5
[166,151] 9
[196,191] 1
[191,156] 1
[156,147] 7
[147,173] 1
[173,184] 10
[184,154] 1
[154,196] 1
[184,173] 10
[147,156] 5
[175,141] 1
[141,185] 1
[185,153] 1
[153,175] 6
[175,153] 10
;

param d:=
1	13
10	17
100	16
101	19
102	2
103	13
104	2
105	2
106	14
107	2
108	2
109	13
11	27
110	16
111	20
112	2
113	2
114	2
115	2
116	15
117	18
118	2
119	23
12	29
120	16
121	34
122	2
123	2
124	16
125	2
126	2
127	11
128	15
129	2
13	2
130	2
131	14
132	16
133	2
134	2
135	16
136	2
137	31
138	2
139	31
14	13
140	20
141	2
142	2
143	16
144	2
145	2
146	18
147	13
148	2
149	2
15	2
150	15
151	16
152	19
153	17
154	2
155	18
156	13
157	2
158	15
159	2
16	2
160	16
161	2
162	2
163	14
164	11
165	2
166	16
167	14
168	13
169	16
17	2
170	2
171	14
172	14
173	21
174	11
175	17
176	18
177	2
178	2
179	2
18	2
180	16
181	2
182	18
183	2
184	21
185	2
186	2
187	2
188	2
189	2
19	2
190	15
191	2
192	18
193	13
194	16
195	2
196	2
197	35
198	15
199	16
2	2
20	2
200	2
21	15
22	2
23	20
24	18
25	12
26	17
27	2
28	16
29	2
3	2
30	20
31	12
32	18
33	14
34	37
35	17
36	2
37	20
38	18
39	2
4	13
40	2
41	16
42	17
43	17
44	18
45	2
46	2
47	2
48	2
49	20
5	26
50	2
51	2
52	17
53	16
54	2
55	2
56	2
57	2
58	19
59	16
6	2
60	17
61	2
62	16
63	13
64	18
65	18
66	2
67	2
68	2
69	16
7	2
70	17
71	2
72	14
73	2
74	20
75	2
76	2
77	2
78	2
79	12
8	16
80	2
81	13
82	2
83	2
84	2
85	28
86	19
87	2
88	2
89	2
9	11
90	2
91	14
92	2
93	2
94	2
95	2
96	21
97	2
98	33
99	15
;


end;
