data;

param broj_grana:=257;
param N:=200;
param L1:=0.0010091;
param L2:=0.0002523;

set FC:=
f1
f2
f3
;

set V:=
1
2
3
4
5
6
7
8
9
10
11
12
13
14
15
16
17
18
19
20
21
22
23
24
25
26
27
28
29
30
31
32
33
34
35
36
37
38
39
40
41
42
43
44
45
46
47
48
49
50
51
52
53
54
55
56
57
58
59
60
61
62
63
64
65
66
67
68
69
70
71
72
73
74
75
76
77
78
79
80
81
82
83
84
85
86
87
88
89
90
91
92
93
94
95
96
97
98
99
100
101
102
103
104
105
106
107
108
109
110
111
112
113
114
115
116
117
118
119
120
121
122
123
124
125
126
127
128
129
130
131
132
133
134
135
136
137
138
139
140
141
142
143
144
145
146
147
148
149
150
151
152
153
154
155
156
157
158
159
160
161
162
163
164
165
166
167
168
169
170
171
172
173
174
175
176
177
178
179
180
181
182
183
184
185
186
187
188
189
190
191
192
193
194
195
196
197
198
199
200
;

set F[f1]:=
1
2
3
4
5
6
7
8
9
10
11
12
13
14
15
16
17
18
19
20
21
22
23
24
25
26
27
28
29
30
31
32
33
34
35
36
37
38
39
40
41
42
43
44
45
46
47
48
49
50
51
52
53
54
55
56
57
58
59
60
61
62
63
64
65
66
67
68
69
70
71
72
73
74
75
76
77
78
79
80
;

set F[f2]:=
81
82
83
84
85
86
87
88
89
90
91
92
93
94
95
96
97
98
99
100
101
102
103
104
105
106
107
108
109
110
111
112
113
114
115
116
117
118
119
120
121
122
123
124
125
126
127
128
129
130
131
132
133
134
135
136
137
138
139
140
;

set F[f3]:=
141
142
143
144
145
146
147
148
149
150
151
152
153
154
155
156
157
158
159
160
161
162
163
164
165
166
167
168
169
170
171
172
173
174
175
176
177
178
179
180
181
182
183
184
185
186
187
188
189
190
191
192
193
194
195
196
197
198
199
200
;


set E:=
(79,42)
(42,60)
(60,65)
(65,38)
(38,7)
(7,53)
(53,79)
(60,42)
(7,38)
(22,63)
(63,9)
(9,64)
(64,80)
(80,32)
(32,56)
(56,22)
(9,63)
(80,64)
(34,73)
(73,46)
(46,78)
(78,59)
(59,58)
(58,12)
(12,34)
(34,12)
(78,46)
(35,10)
(10,17)
(17,54)
(54,29)
(29,52)
(52,71)
(71,35)
(29,54)
(54,17)
(72,27)
(27,69)
(69,44)
(44,70)
(70,31)
(31,68)
(68,72)
(72,68)
(27,72)
(74,4)
(4,6)
(6,5)
(5,41)
(41,45)
(45,51)
(51,74)
(5,6)
(45,41)
(1,61)
(61,2)
(2,40)
(40,3)
(3,75)
(75,43)
(43,1)
(75,3)
(3,40)
(76,18)
(18,48)
(48,50)
(50,15)
(15,66)
(66,11)
(11,76)
(76,11)
(50,48)
(20,67)
(67,16)
(16,19)
(19,36)
(36,21)
(21,62)
(62,20)
(62,21)
(21,36)
(24,8)
(8,14)
(14,49)
(49,28)
(28,47)
(47,25)
(25,24)
(24,25)
(47,28)
(26,23)
(23,33)
(33,57)
(57,37)
(37,39)
(39,77)
(77,26)
(77,39)
(26,77)
(13,30)
(30,55)
(55,13)
(55,30)
(135,111)
(111,128)
(128,104)
(104,123)
(123,97)
(97,132)
(132,135)
(128,111)
(132,97)
(122,114)
(114,106)
(106,100)
(100,124)
(124,99)
(99,121)
(121,122)
(114,122)
(124,100)
(87,133)
(133,93)
(93,117)
(117,96)
(96,92)
(92,120)
(120,87)
(93,133)
(120,92)
(119,130)
(130,138)
(138,90)
(90,131)
(131,94)
(94,112)
(112,119)
(130,119)
(138,130)
(86,101)
(101,126)
(126,82)
(82,102)
(102,140)
(140,105)
(105,86)
(126,101)
(105,140)
(110,91)
(91,95)
(95,83)
(83,116)
(116,108)
(108,107)
(107,110)
(95,91)
(83,95)
(89,103)
(103,85)
(85,127)
(127,113)
(113,134)
(134,109)
(109,89)
(85,103)
(127,85)
(115,125)
(125,84)
(84,118)
(118,98)
(98,137)
(137,81)
(81,115)
(118,84)
(84,125)
(139,136)
(136,88)
(88,129)
(129,139)
(88,136)
(166,170)
(170,181)
(181,173)
(173,174)
(174,190)
(190,162)
(162,166)
(162,190)
(173,181)
(142,187)
(187,185)
(185,188)
(188,178)
(178,144)
(144,153)
(153,142)
(144,178)
(142,153)
(176,182)
(182,199)
(199,141)
(141,198)
(198,191)
(191,152)
(152,176)
(199,182)
(198,141)
(167,169)
(169,171)
(171,175)
(175,161)
(161,200)
(200,160)
(160,167)
(171,169)
(161,175)
(177,147)
(147,195)
(195,157)
(157,155)
(155,180)
(180,172)
(172,177)
(195,147)
(180,155)
(192,165)
(165,159)
(159,163)
(163,143)
(143,197)
(197,145)
(145,192)
(163,159)
(192,145)
(151,158)
(158,149)
(149,179)
(179,189)
(189,164)
(164,146)
(146,151)
(164,189)
(189,179)
(156,194)
(194,196)
(196,148)
(148,183)
(183,186)
(186,154)
(154,156)
(183,148)
(186,183)
(184,150)
(150,193)
(193,168)
(168,184)
(184,168)
;

param b:=
[79,42] 1
[42,60] 6
[60,65] 1
[65,38] 1
[38,7] 6
[7,53] 1
[53,79] 1
[60,42] 8
[7,38] 6
[22,63] 1
[63,9] 10
[9,64] 1
[64,80] 8
[80,32] 1
[32,56] 1
[56,22] 1
[9,63] 7
[80,64] 8
[34,73] 1
[73,46] 1
[46,78] 7
[78,59] 1
[59,58] 1
[58,12] 1
[12,34] 5
[34,12] 10
[78,46] 6
[35,10] 1
[10,17] 1
[17,54] 10
[54,29] 9
[29,52] 1
[52,71] 1
[71,35] 1
[29,54] 8
[54,17] 8
[72,27] 10
[27,69] 1
[69,44] 1
[44,70] 1
[70,31] 1
[31,68] 1
[68,72] 9
[72,68] 9
[27,72] 10
[74,4] 1
[4,6] 1
[6,5] 6
[5,41] 1
[41,45] 5
[45,51] 1
[51,74] 1
[5,6] 7
[45,41] 7
[1,61] 1
[61,2] 1
[2,40] 1
[40,3] 6
[3,75] 9
[75,43] 1
[43,1] 1
[75,3] 8
[3,40] 6
[76,18] 1
[18,48] 1
[48,50] 7
[50,15] 1
[15,66] 1
[66,11] 1
[11,76] 6
[76,11] 7
[50,48] 8
[20,67] 1
[67,16] 1
[16,19] 1
[19,36] 1
[36,21] 10
[21,62] 9
[62,20] 1
[62,21] 7
[21,36] 8
[24,8] 1
[8,14] 1
[14,49] 1
[49,28] 1
[28,47] 6
[47,25] 1
[25,24] 10
[24,25] 6
[47,28] 6
[26,23] 1
[23,33] 1
[33,57] 1
[57,37] 1
[37,39] 1
[39,77] 7
[77,26] 7
[77,39] 9
[26,77] 10
[13,30] 1
[30,55] 9
[55,13] 1
[55,30] 7
[135,111] 1
[111,128] 6
[128,104] 1
[104,123] 1
[123,97] 1
[97,132] 6
[132,135] 1
[128,111] 9
[132,97] 9
[122,114] 5
[114,106] 1
[106,100] 1
[100,124] 7
[124,99] 1
[99,121] 1
[121,122] 1
[114,122] 6
[124,100] 5
[87,133] 1
[133,93] 8
[93,117] 1
[117,96] 1
[96,92] 1
[92,120] 5
[120,87] 1
[93,133] 5
[120,92] 7
[119,130] 8
[130,138] 5
[138,90] 1
[90,131] 1
[131,94] 1
[94,112] 1
[112,119] 1
[130,119] 7
[138,130] 7
[86,101] 1
[101,126] 8
[126,82] 1
[82,102] 1
[102,140] 1
[140,105] 7
[105,86] 1
[126,101] 7
[105,140] 6
[110,91] 1
[91,95] 9
[95,83] 6
[83,116] 1
[116,108] 1
[108,107] 1
[107,110] 1
[95,91] 10
[83,95] 8
[89,103] 1
[103,85] 7
[85,127] 8
[127,113] 1
[113,134] 1
[134,109] 1
[109,89] 1
[85,103] 5
[127,85] 6
[115,125] 1
[125,84] 7
[84,118] 6
[118,98] 1
[98,137] 1
[137,81] 1
[81,115] 1
[118,84] 6
[84,125] 7
[139,136] 1
[136,88] 6
[88,129] 1
[129,139] 1
[88,136] 8
[166,170] 1
[170,181] 1
[181,173] 5
[173,174] 1
[174,190] 1
[190,162] 6
[162,166] 1
[162,190] 8
[173,181] 9
[142,187] 1
[187,185] 1
[185,188] 1
[188,178] 1
[178,144] 9
[144,153] 1
[153,142] 6
[144,178] 9
[142,153] 6
[176,182] 1
[182,199] 10
[199,141] 1
[141,198] 6
[198,191] 1
[191,152] 1
[152,176] 1
[199,182] 7
[198,141] 7
[167,169] 1
[169,171] 9
[171,175] 1
[175,161] 7
[161,200] 1
[200,160] 1
[160,167] 1
[171,169] 9
[161,175] 6
[177,147] 1
[147,195] 9
[195,157] 1
[157,155] 1
[155,180] 6
[180,172] 1
[172,177] 1
[195,147] 10
[180,155] 7
[192,165] 1
[165,159] 1
[159,163] 6
[163,143] 1
[143,197] 1
[197,145] 1
[145,192] 10
[163,159] 6
[192,145] 9
[151,158] 1
[158,149] 1
[149,179] 1
[179,189] 8
[189,164] 5
[164,146] 1
[146,151] 1
[164,189] 10
[189,179] 8
[156,194] 1
[194,196] 1
[196,148] 1
[148,183] 9
[183,186] 8
[186,154] 1
[154,156] 1
[183,148] 7
[186,183] 10
[184,150] 1
[150,193] 1
[193,168] 1
[168,184] 8
[184,168] 8
;

param d:=
1	2
10	2
100	13
101	16
102	2
103	13
104	2
105	14
106	2
107	2
108	2
109	2
11	14
110	2
111	16
112	2
113	2
114	12
115	2
116	2
117	2
118	13
119	16
12	16
120	13
121	2
122	12
123	2
124	13
125	15
126	16
127	15
128	16
129	2
13	2
130	27
131	2
132	16
133	14
134	2
135	2
136	15
137	2
138	13
139	2
14	2
140	14
141	14
142	13
143	2
144	19
145	20
146	2
147	20
148	17
149	2
15	2
150	2
151	2
152	2
153	13
154	2
155	14
156	2
157	2
158	2
159	13
16	2
160	2
161	14
162	15
163	13
164	16
165	2
166	2
167	2
168	17
169	19
17	19
170	2
171	19
172	2
173	15
174	2
175	14
176	2
177	2
178	19
179	17
18	2
180	14
181	15
182	18
183	34
184	17
185	2
186	19
187	2
188	2
189	31
19	2
190	15
191	2
192	20
193	2
194	2
195	20
196	2
197	2
198	14
199	18
2	2
20	2
200	2
21	34
22	2
23	2
24	17
25	17
26	18
27	21
28	13
29	18
3	29
30	17
31	2
32	2
33	2
34	16
35	2
36	19
37	2
38	13
39	17
4	2
40	13
41	13
42	15
43	2
44	2
45	13
46	14
47	13
48	16
49	2
5	14
50	16
51	2
52	2
53	2
54	35
55	17
56	2
57	2
58	2
59	2
6	14
60	15
61	2
62	17
63	18
64	17
65	2
66	2
67	2
68	19
69	2
7	13
70	2
71	2
72	38
73	2
74	2
75	18
76	14
77	33
78	14
79	2
8	2
80	17
81	2
82	2
83	15
84	26
85	26
86	2
87	2
88	15
89	2
9	18
90	2
91	20
92	13
93	14
94	2
95	33
96	2
97	16
98	2
99	2
;


end;
