data;

param broj_grana:=257;
param N:=200;
param L1:=0.0010050;
param L2:=0.0002513;

set FC:=
f1
f2
f3
;

set V:=
1
2
3
4
5
6
7
8
9
10
11
12
13
14
15
16
17
18
19
20
21
22
23
24
25
26
27
28
29
30
31
32
33
34
35
36
37
38
39
40
41
42
43
44
45
46
47
48
49
50
51
52
53
54
55
56
57
58
59
60
61
62
63
64
65
66
67
68
69
70
71
72
73
74
75
76
77
78
79
80
81
82
83
84
85
86
87
88
89
90
91
92
93
94
95
96
97
98
99
100
101
102
103
104
105
106
107
108
109
110
111
112
113
114
115
116
117
118
119
120
121
122
123
124
125
126
127
128
129
130
131
132
133
134
135
136
137
138
139
140
141
142
143
144
145
146
147
148
149
150
151
152
153
154
155
156
157
158
159
160
161
162
163
164
165
166
167
168
169
170
171
172
173
174
175
176
177
178
179
180
181
182
183
184
185
186
187
188
189
190
191
192
193
194
195
196
197
198
199
200
;

set F[f1]:=
1
2
3
4
5
6
7
8
9
10
11
12
13
14
15
16
17
18
19
20
21
22
23
24
25
26
27
28
29
30
31
32
33
34
35
36
37
38
39
40
41
42
43
44
45
46
47
48
49
50
51
52
53
54
55
56
57
58
59
60
61
62
63
64
65
66
67
68
69
70
71
72
73
74
75
76
77
78
79
80
;

set F[f2]:=
81
82
83
84
85
86
87
88
89
90
91
92
93
94
95
96
97
98
99
100
101
102
103
104
105
106
107
108
109
110
111
112
113
114
115
116
117
118
119
120
121
122
123
124
125
126
127
128
129
130
131
132
133
134
135
136
137
138
139
140
;

set F[f3]:=
141
142
143
144
145
146
147
148
149
150
151
152
153
154
155
156
157
158
159
160
161
162
163
164
165
166
167
168
169
170
171
172
173
174
175
176
177
178
179
180
181
182
183
184
185
186
187
188
189
190
191
192
193
194
195
196
197
198
199
200
;


set E:=
(65,39)
(39,14)
(14,68)
(68,30)
(30,78)
(78,13)
(13,65)
(30,68)
(78,30)
(36,15)
(15,45)
(45,32)
(32,67)
(67,48)
(48,59)
(59,36)
(59,48)
(67,32)
(51,6)
(6,61)
(61,38)
(38,76)
(76,27)
(27,69)
(69,51)
(51,69)
(69,27)
(9,53)
(53,43)
(43,31)
(31,40)
(40,44)
(44,2)
(2,9)
(53,9)
(9,2)
(60,72)
(72,57)
(57,41)
(41,25)
(25,52)
(52,18)
(18,60)
(60,18)
(52,25)
(34,23)
(23,10)
(10,29)
(29,46)
(46,21)
(21,42)
(42,34)
(42,21)
(46,29)
(62,77)
(77,22)
(22,80)
(80,35)
(35,73)
(73,1)
(1,62)
(22,77)
(62,1)
(71,56)
(56,47)
(47,63)
(63,33)
(33,64)
(64,49)
(49,71)
(56,71)
(47,56)
(4,58)
(58,8)
(8,74)
(74,66)
(66,19)
(19,17)
(17,4)
(74,8)
(4,17)
(28,54)
(54,26)
(26,75)
(75,24)
(24,11)
(11,37)
(37,28)
(28,37)
(24,75)
(5,70)
(70,50)
(50,7)
(7,55)
(55,16)
(16,20)
(20,5)
(5,20)
(16,55)
(79,12)
(12,3)
(3,79)
(3,12)
(97,105)
(105,119)
(119,83)
(83,100)
(100,95)
(95,126)
(126,97)
(83,119)
(100,83)
(137,101)
(101,123)
(123,121)
(121,96)
(96,104)
(104,106)
(106,137)
(106,104)
(96,121)
(85,133)
(133,81)
(81,113)
(113,92)
(92,103)
(103,93)
(93,85)
(133,85)
(85,93)
(89,134)
(134,128)
(128,136)
(136,114)
(114,90)
(90,99)
(99,89)
(99,90)
(114,136)
(102,109)
(109,122)
(122,118)
(118,91)
(91,116)
(116,98)
(98,102)
(118,122)
(109,102)
(124,131)
(131,86)
(86,88)
(88,130)
(130,110)
(110,87)
(87,124)
(87,110)
(131,124)
(107,132)
(132,82)
(82,120)
(120,138)
(138,84)
(84,117)
(117,107)
(138,120)
(107,117)
(139,115)
(115,127)
(127,111)
(111,94)
(94,140)
(140,125)
(125,139)
(111,127)
(127,115)
(129,108)
(108,135)
(135,112)
(112,129)
(129,112)
(152,167)
(167,141)
(141,148)
(148,165)
(165,174)
(174,188)
(188,152)
(167,152)
(141,167)
(190,178)
(178,166)
(166,163)
(163,171)
(171,195)
(195,170)
(170,190)
(190,170)
(166,178)
(146,180)
(180,185)
(185,154)
(154,192)
(192,183)
(183,184)
(184,146)
(192,154)
(180,146)
(194,161)
(161,156)
(156,160)
(160,157)
(157,147)
(147,169)
(169,194)
(157,160)
(156,161)
(143,155)
(155,199)
(199,175)
(175,181)
(181,176)
(176,186)
(186,143)
(181,175)
(143,186)
(153,164)
(164,197)
(197,198)
(198,173)
(173,193)
(193,189)
(189,153)
(153,189)
(189,193)
(200,149)
(149,158)
(158,191)
(191,142)
(142,168)
(168,145)
(145,200)
(145,168)
(200,145)
(196,162)
(162,144)
(144,151)
(151,182)
(182,172)
(172,150)
(150,196)
(144,162)
(182,151)
(177,179)
(179,187)
(187,159)
(159,177)
(187,179)
;

param b:=
[65,39] 1
[39,14] 1
[14,68] 1
[68,30] 8
[30,78] 5
[78,13] 1
[13,65] 1
[30,68] 8
[78,30] 7
[36,15] 1
[15,45] 1
[45,32] 1
[32,67] 10
[67,48] 1
[48,59] 5
[59,36] 1
[59,48] 5
[67,32] 10
[51,6] 1
[6,61] 1
[61,38] 1
[38,76] 1
[76,27] 1
[27,69] 8
[69,51] 7
[51,69] 10
[69,27] 7
[9,53] 7
[53,43] 1
[43,31] 1
[31,40] 1
[40,44] 1
[44,2] 1
[2,9] 8
[53,9] 10
[9,2] 8
[60,72] 1
[72,57] 1
[57,41] 1
[41,25] 1
[25,52] 8
[52,18] 1
[18,60] 9
[60,18] 6
[52,25] 10
[34,23] 1
[23,10] 1
[10,29] 1
[29,46] 7
[46,21] 1
[21,42] 7
[42,34] 1
[42,21] 6
[46,29] 5
[62,77] 1
[77,22] 6
[22,80] 1
[80,35] 1
[35,73] 1
[73,1] 1
[1,62] 5
[22,77] 6
[62,1] 9
[71,56] 8
[56,47] 6
[47,63] 1
[63,33] 1
[33,64] 1
[64,49] 1
[49,71] 1
[56,71] 9
[47,56] 7
[4,58] 1
[58,8] 1
[8,74] 9
[74,66] 1
[66,19] 1
[19,17] 1
[17,4] 5
[74,8] 9
[4,17] 6
[28,54] 1
[54,26] 1
[26,75] 1
[75,24] 5
[24,11] 1
[11,37] 1
[37,28] 10
[28,37] 9
[24,75] 8
[5,70] 1
[70,50] 1
[50,7] 1
[7,55] 1
[55,16] 5
[16,20] 1
[20,5] 10
[5,20] 5
[16,55] 7
[79,12] 1
[12,3] 6
[3,79] 1
[3,12] 7
[97,105] 1
[105,119] 1
[119,83] 10
[83,100] 7
[100,95] 1
[95,126] 1
[126,97] 1
[83,119] 8
[100,83] 8
[137,101] 1
[101,123] 1
[123,121] 1
[121,96] 6
[96,104] 1
[104,106] 10
[106,137] 1
[106,104] 9
[96,121] 10
[85,133] 8
[133,81] 1
[81,113] 1
[113,92] 1
[92,103] 1
[103,93] 1
[93,85] 6
[133,85] 5
[85,93] 10
[89,134] 1
[134,128] 1
[128,136] 1
[136,114] 5
[114,90] 1
[90,99] 9
[99,89] 1
[99,90] 6
[114,136] 9
[102,109] 10
[109,122] 1
[122,118] 6
[118,91] 1
[91,116] 1
[116,98] 1
[98,102] 1
[118,122] 7
[109,102] 6
[124,131] 5
[131,86] 1
[86,88] 1
[88,130] 1
[130,110] 1
[110,87] 8
[87,124] 1
[87,110] 8
[131,124] 10
[107,132] 1
[132,82] 1
[82,120] 1
[120,138] 8
[138,84] 1
[84,117] 1
[117,107] 7
[138,120] 5
[107,117] 6
[139,115] 1
[115,127] 7
[127,111] 7
[111,94] 1
[94,140] 1
[140,125] 1
[125,139] 1
[111,127] 6
[127,115] 8
[129,108] 1
[108,135] 1
[135,112] 1
[112,129] 8
[129,112] 8
[152,167] 8
[167,141] 10
[141,148] 1
[148,165] 1
[165,174] 1
[174,188] 1
[188,152] 1
[167,152] 9
[141,167] 6
[190,178] 1
[178,166] 6
[166,163] 1
[163,171] 1
[171,195] 1
[195,170] 1
[170,190] 9
[190,170] 7
[166,178] 7
[146,180] 6
[180,185] 1
[185,154] 1
[154,192] 10
[192,183] 1
[183,184] 1
[184,146] 1
[192,154] 7
[180,146] 5
[194,161] 1
[161,156] 10
[156,160] 1
[160,157] 8
[157,147] 1
[147,169] 1
[169,194] 1
[157,160] 6
[156,161] 5
[143,155] 1
[155,199] 1
[199,175] 1
[175,181] 5
[181,176] 1
[176,186] 1
[186,143] 7
[181,175] 9
[143,186] 10
[153,164] 1
[164,197] 1
[197,198] 1
[198,173] 1
[173,193] 1
[193,189] 9
[189,153] 5
[153,189] 8
[189,193] 8
[200,149] 1
[149,158] 1
[158,191] 1
[191,142] 1
[142,168] 1
[168,145] 10
[145,200] 10
[145,168] 9
[200,145] 6
[196,162] 1
[162,144] 8
[144,151] 1
[151,182] 5
[182,172] 1
[172,150] 1
[150,196] 1
[144,162] 5
[182,151] 9
[177,179] 1
[179,187] 8
[187,159] 1
[159,177] 1
[187,179] 8
;

param d:=
1	15
10	2
100	16
101	2
102	17
103	2
104	20
105	2
106	20
107	14
108	2
109	17
11	2
110	17
111	14
112	17
113	2
114	15
115	16
116	2
117	14
118	14
119	19
12	14
120	14
121	17
122	14
123	2
124	16
125	2
126	2
127	28
128	2
129	17
13	2
130	2
131	16
132	2
133	14
134	2
135	2
136	15
137	2
138	14
139	2
14	2
140	2
141	17
142	2
143	18
144	14
145	35
146	12
147	2
148	2
149	2
15	2
150	2
151	15
152	18
153	14
154	18
155	2
156	16
157	15
158	2
159	2
16	13
160	15
161	16
162	14
163	2
164	2
165	2
166	14
167	33
168	20
169	2
17	12
170	17
171	2
172	2
173	2
174	2
175	15
176	2
177	2
178	14
179	17
18	16
180	12
181	15
182	15
183	2
184	2
185	2
186	18
187	17
188	2
189	30
19	2
190	17
191	2
192	18
193	18
194	2
195	2
196	2
197	2
198	2
199	2
2	17
20	16
200	17
21	14
22	13
23	2
24	14
25	19
26	2
27	16
28	20
29	13
3	14
30	28
31	2
32	21
33	2
34	2
35	2
36	2
37	20
38	2
39	2
4	12
40	2
41	2
42	14
43	2
44	2
45	2
46	13
47	14
48	11
49	2
5	16
50	2
51	18
52	19
53	18
54	2
55	13
56	30
57	2
58	2
59	11
6	2
60	16
61	2
62	15
63	2
64	2
65	2
66	2
67	21
68	17
69	32
7	2
70	2
71	18
72	2
73	2
74	19
75	14
76	2
77	13
78	13
79	2
8	19
80	2
81	2
82	2
83	33
84	2
85	29
86	2
87	17
88	2
89	2
9	33
90	16
91	2
92	2
93	17
94	2
95	2
96	17
97	2
98	2
99	16
;


end;
