data;

param broj_grana:=257;
param N:=200;
param L1:=0.0009625;
param L2:=0.0002406;

set FC:=
f1
f2
f3
;

set V:=
1
2
3
4
5
6
7
8
9
10
11
12
13
14
15
16
17
18
19
20
21
22
23
24
25
26
27
28
29
30
31
32
33
34
35
36
37
38
39
40
41
42
43
44
45
46
47
48
49
50
51
52
53
54
55
56
57
58
59
60
61
62
63
64
65
66
67
68
69
70
71
72
73
74
75
76
77
78
79
80
81
82
83
84
85
86
87
88
89
90
91
92
93
94
95
96
97
98
99
100
101
102
103
104
105
106
107
108
109
110
111
112
113
114
115
116
117
118
119
120
121
122
123
124
125
126
127
128
129
130
131
132
133
134
135
136
137
138
139
140
141
142
143
144
145
146
147
148
149
150
151
152
153
154
155
156
157
158
159
160
161
162
163
164
165
166
167
168
169
170
171
172
173
174
175
176
177
178
179
180
181
182
183
184
185
186
187
188
189
190
191
192
193
194
195
196
197
198
199
200
;

set F[f1]:=
1
2
3
4
5
6
7
8
9
10
11
12
13
14
15
16
17
18
19
20
21
22
23
24
25
26
27
28
29
30
31
32
33
34
35
36
37
38
39
40
41
42
43
44
45
46
47
48
49
50
51
52
53
54
55
56
57
58
59
60
61
62
63
64
65
66
67
68
69
70
71
72
73
74
75
76
77
78
79
80
;

set F[f2]:=
81
82
83
84
85
86
87
88
89
90
91
92
93
94
95
96
97
98
99
100
101
102
103
104
105
106
107
108
109
110
111
112
113
114
115
116
117
118
119
120
121
122
123
124
125
126
127
128
129
130
131
132
133
134
135
136
137
138
139
140
;

set F[f3]:=
141
142
143
144
145
146
147
148
149
150
151
152
153
154
155
156
157
158
159
160
161
162
163
164
165
166
167
168
169
170
171
172
173
174
175
176
177
178
179
180
181
182
183
184
185
186
187
188
189
190
191
192
193
194
195
196
197
198
199
200
;


set E:=
(9,33)
(33,42)
(42,30)
(30,70)
(70,79)
(79,66)
(66,9)
(79,70)
(30,42)
(16,7)
(7,37)
(37,8)
(8,21)
(21,53)
(53,69)
(69,16)
(53,21)
(37,7)
(59,13)
(13,63)
(63,6)
(6,49)
(49,73)
(73,62)
(62,59)
(13,59)
(73,49)
(39,22)
(22,57)
(57,67)
(67,48)
(48,74)
(74,34)
(34,39)
(67,57)
(39,34)
(11,76)
(76,18)
(18,14)
(14,80)
(80,17)
(17,27)
(27,11)
(14,18)
(17,80)
(50,47)
(47,45)
(45,35)
(35,43)
(43,24)
(24,1)
(1,50)
(50,1)
(1,24)
(52,41)
(41,5)
(5,2)
(2,78)
(78,61)
(61,46)
(46,52)
(61,78)
(78,2)
(55,65)
(65,36)
(36,3)
(3,32)
(32,56)
(56,58)
(58,55)
(55,58)
(3,36)
(51,44)
(44,10)
(10,72)
(72,20)
(20,12)
(12,4)
(4,51)
(12,20)
(44,51)
(77,68)
(68,29)
(29,28)
(28,60)
(60,25)
(25,38)
(38,77)
(60,28)
(25,60)
(15,40)
(40,31)
(31,75)
(75,54)
(54,64)
(64,71)
(71,15)
(15,71)
(71,64)
(23,19)
(19,26)
(26,23)
(23,26)
(126,83)
(83,113)
(113,134)
(134,132)
(132,105)
(105,139)
(139,126)
(105,132)
(139,105)
(114,128)
(128,115)
(115,96)
(96,118)
(118,131)
(131,87)
(87,114)
(118,96)
(131,118)
(103,89)
(89,107)
(107,136)
(136,121)
(121,101)
(101,93)
(93,103)
(93,101)
(107,89)
(98,85)
(85,97)
(97,110)
(110,106)
(106,129)
(129,123)
(123,98)
(97,85)
(123,129)
(95,86)
(86,102)
(102,124)
(124,99)
(99,138)
(138,111)
(111,95)
(124,102)
(111,138)
(90,82)
(82,108)
(108,81)
(81,104)
(104,109)
(109,119)
(119,90)
(104,81)
(109,104)
(92,100)
(100,122)
(122,125)
(125,130)
(130,137)
(137,91)
(91,92)
(137,130)
(92,91)
(112,127)
(127,140)
(140,120)
(120,94)
(94,116)
(116,88)
(88,112)
(116,94)
(88,116)
(117,133)
(133,135)
(135,84)
(84,117)
(133,117)
(175,192)
(192,148)
(148,182)
(182,178)
(178,145)
(145,176)
(176,175)
(192,175)
(178,182)
(159,200)
(200,171)
(171,147)
(147,186)
(186,162)
(162,187)
(187,159)
(162,186)
(187,162)
(177,163)
(163,166)
(166,190)
(190,168)
(168,185)
(185,141)
(141,177)
(168,190)
(177,141)
(191,180)
(180,172)
(172,146)
(146,151)
(151,143)
(143,157)
(157,191)
(157,143)
(180,191)
(144,154)
(154,188)
(188,169)
(169,179)
(179,183)
(183,142)
(142,144)
(188,154)
(142,183)
(156,164)
(164,197)
(197,158)
(158,174)
(174,160)
(160,161)
(161,156)
(161,160)
(174,158)
(149,184)
(184,199)
(199,196)
(196,150)
(150,189)
(189,152)
(152,149)
(199,184)
(149,152)
(181,193)
(193,195)
(195,173)
(173,170)
(170,198)
(198,194)
(194,181)
(198,170)
(181,194)
(165,155)
(155,167)
(167,153)
(153,165)
(153,167)
;

param b:=
[9,33] 1
[33,42] 1
[42,30] 7
[30,70] 1
[70,79] 6
[79,66] 1
[66,9] 1
[79,70] 9
[30,42] 9
[16,7] 1
[7,37] 8
[37,8] 1
[8,21] 1
[21,53] 8
[53,69] 1
[69,16] 1
[53,21] 8
[37,7] 9
[59,13] 9
[13,63] 1
[63,6] 1
[6,49] 1
[49,73] 10
[73,62] 1
[62,59] 1
[13,59] 6
[73,49] 7
[39,22] 1
[22,57] 1
[57,67] 7
[67,48] 1
[48,74] 1
[74,34] 1
[34,39] 9
[67,57] 9
[39,34] 10
[11,76] 1
[76,18] 1
[18,14] 7
[14,80] 1
[80,17] 8
[17,27] 1
[27,11] 1
[14,18] 10
[17,80] 10
[50,47] 1
[47,45] 1
[45,35] 1
[35,43] 1
[43,24] 1
[24,1] 7
[1,50] 6
[50,1] 7
[1,24] 9
[52,41] 1
[41,5] 1
[5,2] 1
[2,78] 9
[78,61] 9
[61,46] 1
[46,52] 1
[61,78] 7
[78,2] 9
[55,65] 1
[65,36] 1
[36,3] 8
[3,32] 1
[32,56] 1
[56,58] 1
[58,55] 8
[55,58] 9
[3,36] 6
[51,44] 5
[44,10] 1
[10,72] 1
[72,20] 1
[20,12] 8
[12,4] 1
[4,51] 1
[12,20] 8
[44,51] 10
[77,68] 1
[68,29] 1
[29,28] 1
[28,60] 6
[60,25] 10
[25,38] 1
[38,77] 1
[60,28] 10
[25,60] 9
[15,40] 1
[40,31] 1
[31,75] 1
[75,54] 1
[54,64] 1
[64,71] 9
[71,15] 9
[15,71] 8
[71,64] 8
[23,19] 1
[19,26] 1
[26,23] 9
[23,26] 10
[126,83] 1
[83,113] 1
[113,134] 1
[134,132] 1
[132,105] 7
[105,139] 9
[139,126] 1
[105,132] 8
[139,105] 9
[114,128] 1
[128,115] 1
[115,96] 1
[96,118] 7
[118,131] 8
[131,87] 1
[87,114] 1
[118,96] 10
[131,118] 8
[103,89] 1
[89,107] 10
[107,136] 1
[136,121] 1
[121,101] 1
[101,93] 8
[93,103] 1
[93,101] 7
[107,89] 7
[98,85] 1
[85,97] 6
[97,110] 1
[110,106] 1
[106,129] 1
[129,123] 6
[123,98] 1
[97,85] 9
[123,129] 6
[95,86] 1
[86,102] 1
[102,124] 8
[124,99] 1
[99,138] 1
[138,111] 5
[111,95] 1
[124,102] 6
[111,138] 10
[90,82] 1
[82,108] 1
[108,81] 1
[81,104] 9
[104,109] 10
[109,119] 1
[119,90] 1
[104,81] 6
[109,104] 6
[92,100] 1
[100,122] 1
[122,125] 1
[125,130] 1
[130,137] 6
[137,91] 1
[91,92] 9
[137,130] 9
[92,91] 8
[112,127] 1
[127,140] 1
[140,120] 1
[120,94] 1
[94,116] 7
[116,88] 10
[88,112] 1
[116,94] 10
[88,116] 6
[117,133] 8
[133,135] 1
[135,84] 1
[84,117] 1
[133,117] 7
[175,192] 9
[192,148] 1
[148,182] 1
[182,178] 7
[178,145] 1
[145,176] 1
[176,175] 1
[192,175] 5
[178,182] 5
[159,200] 1
[200,171] 1
[171,147] 1
[147,186] 1
[186,162] 7
[162,187] 5
[187,159] 1
[162,186] 7
[187,162] 5
[177,163] 1
[163,166] 1
[166,190] 1
[190,168] 7
[168,185] 1
[185,141] 1
[141,177] 5
[168,190] 8
[177,141] 6
[191,180] 10
[180,172] 1
[172,146] 1
[146,151] 1
[151,143] 1
[143,157] 7
[157,191] 1
[157,143] 6
[180,191] 10
[144,154] 1
[154,188] 10
[188,169] 1
[169,179] 1
[179,183] 1
[183,142] 8
[142,144] 1
[188,154] 6
[142,183] 10
[156,164] 1
[164,197] 1
[197,158] 1
[158,174] 6
[174,160] 1
[160,161] 10
[161,156] 1
[161,160] 7
[174,158] 9
[149,184] 1
[184,199] 6
[199,196] 1
[196,150] 1
[150,189] 1
[189,152] 1
[152,149] 7
[199,184] 9
[149,152] 6
[181,193] 1
[193,195] 1
[195,173] 1
[173,170] 1
[170,198] 6
[198,194] 1
[194,181] 10
[198,170] 5
[181,194] 8
[165,155] 1
[155,167] 1
[167,153] 10
[153,165] 1
[153,167] 10
;

param d:=
1	29
10	2
100	2
101	16
102	15
103	2
104	31
105	33
106	2
107	18
108	2
109	17
11	2
110	2
111	16
112	2
113	2
114	2
115	2
116	33
117	16
118	33
119	2
12	17
120	2
121	2
122	2
123	13
124	15
125	2
126	2
127	2
128	2
129	13
13	16
130	16
131	17
132	16
133	16
134	2
135	2
136	2
137	16
138	16
139	19
14	18
140	2
141	12
142	19
143	14
144	2
145	2
146	2
147	2
148	2
149	14
15	18
150	2
151	2
152	14
153	21
154	17
155	2
156	2
157	14
158	16
159	2
16	2
160	18
161	18
162	24
163	2
164	2
165	2
166	2
167	21
168	16
169	2
17	19
170	12
171	2
172	2
173	2
174	16
175	15
176	2
177	12
178	13
179	2
18	18
180	21
181	19
182	13
183	19
184	16
185	2
186	15
187	11
188	17
189	2
19	2
190	16
191	21
192	15
193	2
194	19
195	2
196	2
197	2
198	12
199	16
2	19
20	17
200	2
21	17
22	2
23	20
24	17
25	20
26	20
27	2
28	17
29	2
3	15
30	17
31	2
32	2
33	2
34	20
35	2
36	15
37	18
38	2
39	20
4	2
40	2
41	2
42	17
43	2
44	16
45	2
46	2
47	2
48	2
49	18
5	2
50	14
51	16
52	2
53	17
54	2
55	18
56	2
57	17
58	18
59	16
6	2
60	35
61	17
62	2
63	2
64	18
65	2
66	2
67	17
68	2
69	2
7	18
70	16
71	34
72	2
73	18
74	2
75	2
76	2
77	2
78	34
79	16
8	2
80	19
81	16
82	2
83	2
84	2
85	16
86	2
87	2
88	17
89	18
9	2
90	2
91	18
92	18
93	16
94	18
95	2
96	18
97	16
98	2
99	2
;


end;
