data;

param broj_grana:=257;
param N:=200;
param L1:=0.0010010;
param L2:=0.0002503;

set FC:=
f1
f2
f3
;

set V:=
1
2
3
4
5
6
7
8
9
10
11
12
13
14
15
16
17
18
19
20
21
22
23
24
25
26
27
28
29
30
31
32
33
34
35
36
37
38
39
40
41
42
43
44
45
46
47
48
49
50
51
52
53
54
55
56
57
58
59
60
61
62
63
64
65
66
67
68
69
70
71
72
73
74
75
76
77
78
79
80
81
82
83
84
85
86
87
88
89
90
91
92
93
94
95
96
97
98
99
100
101
102
103
104
105
106
107
108
109
110
111
112
113
114
115
116
117
118
119
120
121
122
123
124
125
126
127
128
129
130
131
132
133
134
135
136
137
138
139
140
141
142
143
144
145
146
147
148
149
150
151
152
153
154
155
156
157
158
159
160
161
162
163
164
165
166
167
168
169
170
171
172
173
174
175
176
177
178
179
180
181
182
183
184
185
186
187
188
189
190
191
192
193
194
195
196
197
198
199
200
;

set F[f1]:=
1
2
3
4
5
6
7
8
9
10
11
12
13
14
15
16
17
18
19
20
21
22
23
24
25
26
27
28
29
30
31
32
33
34
35
36
37
38
39
40
41
42
43
44
45
46
47
48
49
50
51
52
53
54
55
56
57
58
59
60
61
62
63
64
65
66
67
68
69
70
71
72
73
74
75
76
77
78
79
80
;

set F[f2]:=
81
82
83
84
85
86
87
88
89
90
91
92
93
94
95
96
97
98
99
100
101
102
103
104
105
106
107
108
109
110
111
112
113
114
115
116
117
118
119
120
121
122
123
124
125
126
127
128
129
130
131
132
133
134
135
136
137
138
139
140
;

set F[f3]:=
141
142
143
144
145
146
147
148
149
150
151
152
153
154
155
156
157
158
159
160
161
162
163
164
165
166
167
168
169
170
171
172
173
174
175
176
177
178
179
180
181
182
183
184
185
186
187
188
189
190
191
192
193
194
195
196
197
198
199
200
;


set E:=
(11,48)
(48,7)
(7,71)
(71,78)
(78,68)
(68,70)
(70,11)
(68,78)
(70,68)
(61,21)
(21,2)
(2,44)
(44,15)
(15,52)
(52,53)
(53,61)
(2,21)
(52,15)
(31,29)
(29,73)
(73,36)
(36,65)
(65,40)
(40,33)
(33,31)
(65,36)
(29,31)
(24,64)
(64,63)
(63,28)
(28,6)
(6,1)
(1,42)
(42,24)
(28,63)
(63,64)
(47,22)
(22,41)
(41,5)
(5,75)
(75,58)
(58,37)
(37,47)
(37,58)
(41,22)
(20,35)
(35,66)
(66,49)
(49,32)
(32,26)
(26,51)
(51,20)
(66,35)
(26,32)
(57,27)
(27,74)
(74,12)
(12,14)
(14,72)
(72,34)
(34,57)
(72,14)
(34,72)
(54,16)
(16,67)
(67,18)
(18,56)
(56,13)
(13,39)
(39,54)
(39,13)
(54,39)
(79,19)
(19,10)
(10,80)
(80,69)
(69,45)
(45,55)
(55,79)
(10,19)
(80,10)
(23,59)
(59,30)
(30,38)
(38,8)
(8,25)
(25,62)
(62,23)
(8,38)
(25,8)
(17,43)
(43,46)
(46,76)
(76,50)
(50,77)
(77,3)
(3,17)
(77,50)
(76,46)
(60,4)
(4,9)
(9,60)
(9,4)
(127,87)
(87,85)
(85,86)
(86,102)
(102,83)
(83,140)
(140,127)
(127,140)
(86,85)
(94,121)
(121,115)
(115,129)
(129,111)
(111,84)
(84,120)
(120,94)
(115,121)
(94,120)
(90,95)
(95,123)
(123,91)
(91,137)
(137,119)
(119,139)
(139,90)
(123,95)
(137,91)
(96,128)
(128,101)
(101,88)
(88,109)
(109,112)
(112,113)
(113,96)
(88,101)
(109,88)
(93,105)
(105,100)
(100,89)
(89,132)
(132,92)
(92,99)
(99,93)
(93,99)
(89,100)
(118,98)
(98,103)
(103,122)
(122,114)
(114,134)
(134,82)
(82,118)
(134,114)
(122,103)
(133,131)
(131,110)
(110,136)
(136,116)
(116,130)
(130,135)
(135,133)
(131,133)
(133,135)
(126,107)
(107,106)
(106,97)
(97,138)
(138,117)
(117,108)
(108,126)
(97,106)
(108,117)
(104,124)
(124,125)
(125,81)
(81,104)
(104,81)
(194,144)
(144,171)
(171,186)
(186,178)
(178,189)
(189,152)
(152,194)
(144,194)
(178,186)
(199,142)
(142,150)
(150,159)
(159,143)
(143,193)
(193,191)
(191,199)
(191,193)
(159,150)
(155,169)
(169,165)
(165,162)
(162,158)
(158,146)
(146,161)
(161,155)
(165,169)
(146,158)
(183,179)
(179,176)
(176,190)
(190,145)
(145,167)
(167,157)
(157,183)
(167,145)
(145,190)
(172,141)
(141,160)
(160,156)
(156,147)
(147,177)
(177,173)
(173,172)
(172,173)
(156,160)
(188,148)
(148,181)
(181,170)
(170,174)
(174,187)
(187,184)
(184,188)
(148,188)
(184,187)
(197,192)
(192,166)
(166,153)
(153,163)
(163,200)
(200,198)
(198,197)
(192,197)
(166,192)
(175,182)
(182,168)
(168,149)
(149,185)
(185,180)
(180,154)
(154,175)
(168,182)
(185,149)
(164,196)
(196,195)
(195,151)
(151,164)
(151,195)
;

param b:=
[11,48] 1
[48,7] 1
[7,71] 1
[71,78] 1
[78,68] 5
[68,70] 8
[70,11] 1
[68,78] 6
[70,68] 7
[61,21] 1
[21,2] 9
[2,44] 1
[44,15] 1
[15,52] 6
[52,53] 1
[53,61] 1
[2,21] 7
[52,15] 5
[31,29] 9
[29,73] 1
[73,36] 1
[36,65] 8
[65,40] 1
[40,33] 1
[33,31] 1
[65,36] 8
[29,31] 7
[24,64] 1
[64,63] 9
[63,28] 9
[28,6] 1
[6,1] 1
[1,42] 1
[42,24] 1
[28,63] 5
[63,64] 9
[47,22] 1
[22,41] 10
[41,5] 1
[5,75] 1
[75,58] 1
[58,37] 7
[37,47] 1
[37,58] 6
[41,22] 8
[20,35] 1
[35,66] 5
[66,49] 1
[49,32] 1
[32,26] 7
[26,51] 1
[51,20] 1
[66,35] 5
[26,32] 10
[57,27] 1
[27,74] 1
[74,12] 1
[12,14] 1
[14,72] 5
[72,34] 7
[34,57] 1
[72,14] 5
[34,72] 6
[54,16] 1
[16,67] 1
[67,18] 1
[18,56] 1
[56,13] 1
[13,39] 10
[39,54] 8
[39,13] 10
[54,39] 10
[79,19] 1
[19,10] 6
[10,80] 9
[80,69] 1
[69,45] 1
[45,55] 1
[55,79] 1
[10,19] 8
[80,10] 8
[23,59] 1
[59,30] 1
[30,38] 1
[38,8] 7
[8,25] 6
[25,62] 1
[62,23] 1
[8,38] 10
[25,8] 7
[17,43] 1
[43,46] 1
[46,76] 10
[76,50] 1
[50,77] 10
[77,3] 1
[3,17] 1
[77,50] 5
[76,46] 7
[60,4] 1
[4,9] 10
[9,60] 1
[9,4] 7
[127,87] 1
[87,85] 1
[85,86] 9
[86,102] 1
[102,83] 1
[83,140] 1
[140,127] 8
[127,140] 10
[86,85] 5
[94,121] 1
[121,115] 7
[115,129] 1
[129,111] 1
[111,84] 1
[84,120] 1
[120,94] 6
[115,121] 7
[94,120] 7
[90,95] 1
[95,123] 5
[123,91] 1
[91,137] 9
[137,119] 1
[119,139] 1
[139,90] 1
[123,95] 8
[137,91] 9
[96,128] 1
[128,101] 1
[101,88] 6
[88,109] 10
[109,112] 1
[112,113] 1
[113,96] 1
[88,101] 7
[109,88] 5
[93,105] 1
[105,100] 1
[100,89] 9
[89,132] 1
[132,92] 1
[92,99] 1
[99,93] 6
[93,99] 6
[89,100] 9
[118,98] 1
[98,103] 1
[103,122] 5
[122,114] 1
[114,134] 8
[134,82] 1
[82,118] 1
[134,114] 5
[122,103] 9
[133,131] 10
[131,110] 1
[110,136] 1
[136,116] 1
[116,130] 1
[130,135] 1
[135,133] 10
[131,133] 6
[133,135] 10
[126,107] 1
[107,106] 1
[106,97] 8
[97,138] 1
[138,117] 1
[117,108] 10
[108,126] 1
[97,106] 7
[108,117] 6
[104,124] 1
[124,125] 1
[125,81] 1
[81,104] 9
[104,81] 6
[194,144] 9
[144,171] 1
[171,186] 1
[186,178] 8
[178,189] 1
[189,152] 1
[152,194] 1
[144,194] 6
[178,186] 5
[199,142] 1
[142,150] 1
[150,159] 6
[159,143] 1
[143,193] 1
[193,191] 10
[191,199] 1
[191,193] 6
[159,150] 8
[155,169] 1
[169,165] 6
[165,162] 1
[162,158] 1
[158,146] 6
[146,161] 1
[161,155] 1
[165,169] 8
[146,158] 8
[183,179] 1
[179,176] 1
[176,190] 1
[190,145] 9
[145,167] 10
[167,157] 1
[157,183] 1
[167,145] 6
[145,190] 10
[172,141] 1
[141,160] 1
[160,156] 7
[156,147] 1
[147,177] 1
[177,173] 1
[173,172] 10
[172,173] 5
[156,160] 10
[188,148] 8
[148,181] 1
[181,170] 1
[170,174] 1
[174,187] 1
[187,184] 7
[184,188] 1
[148,188] 9
[184,187] 10
[197,192] 6
[192,166] 9
[166,153] 1
[153,163] 1
[163,200] 1
[200,198] 1
[198,197] 1
[192,197] 5
[166,192] 5
[175,182] 1
[182,168] 8
[168,149] 1
[149,185] 7
[185,180] 1
[180,154] 1
[154,175] 1
[168,182] 8
[185,149] 7
[164,196] 1
[196,195] 1
[195,151] 6
[151,164] 1
[151,195] 5
;

param d:=
1	2
10	31
100	19
101	14
102	2
103	15
104	16
105	2
106	16
107	2
108	17
109	16
11	2
110	2
111	2
112	2
113	2
114	14
115	15
116	2
117	17
118	2
119	2
12	2
120	14
121	15
122	15
123	14
124	2
125	2
126	2
127	19
128	2
129	2
13	21
130	2
131	17
132	2
133	36
134	14
135	21
136	2
137	19
138	2
139	2
14	11
140	19
141	2
142	2
143	2
144	16
145	35
146	15
147	2
148	18
149	15
15	12
150	15
151	12
152	2
153	2
154	2
155	2
156	18
157	2
158	15
159	15
16	2
160	18
161	2
162	2
163	2
164	2
165	15
166	15
167	17
168	17
169	15
17	2
170	2
171	2
172	16
173	16
174	2
175	2
176	2
177	2
178	14
179	2
18	2
180	2
181	2
182	17
183	2
184	18
185	15
186	14
187	18
188	18
189	2
19	15
190	20
191	17
192	25
193	17
194	16
195	12
196	2
197	12
198	2
199	2
2	17
20	2
200	2
21	17
22	19
23	2
24	2
25	14
26	18
27	2
28	15
29	17
3	2
30	2
31	17
32	18
33	2
34	14
35	11
36	17
37	14
38	18
39	38
4	18
40	2
41	19
42	2
43	2
44	2
45	2
46	18
47	2
48	2
49	2
5	2
50	16
51	2
52	12
53	2
54	19
55	2
56	2
57	2
58	14
59	2
6	2
60	2
61	2
62	2
63	32
64	19
65	17
66	11
67	2
68	26
69	2
7	2
70	16
71	2
72	23
73	2
74	2
75	2
76	18
77	16
78	12
79	2
8	30
80	18
81	16
82	2
83	2
84	2
85	15
86	15
87	2
88	28
89	19
9	18
90	2
91	19
92	2
93	13
94	14
95	14
96	2
97	16
98	2
99	13
;


end;
