data;

param broj_grana:=257;
param N:=200;
param L1:=0.0009901;
param L2:=0.0002475;

set FC:=
f1
f2
f3
;

set V:=
1
2
3
4
5
6
7
8
9
10
11
12
13
14
15
16
17
18
19
20
21
22
23
24
25
26
27
28
29
30
31
32
33
34
35
36
37
38
39
40
41
42
43
44
45
46
47
48
49
50
51
52
53
54
55
56
57
58
59
60
61
62
63
64
65
66
67
68
69
70
71
72
73
74
75
76
77
78
79
80
81
82
83
84
85
86
87
88
89
90
91
92
93
94
95
96
97
98
99
100
101
102
103
104
105
106
107
108
109
110
111
112
113
114
115
116
117
118
119
120
121
122
123
124
125
126
127
128
129
130
131
132
133
134
135
136
137
138
139
140
141
142
143
144
145
146
147
148
149
150
151
152
153
154
155
156
157
158
159
160
161
162
163
164
165
166
167
168
169
170
171
172
173
174
175
176
177
178
179
180
181
182
183
184
185
186
187
188
189
190
191
192
193
194
195
196
197
198
199
200
;

set F[f1]:=
1
2
3
4
5
6
7
8
9
10
11
12
13
14
15
16
17
18
19
20
21
22
23
24
25
26
27
28
29
30
31
32
33
34
35
36
37
38
39
40
41
42
43
44
45
46
47
48
49
50
51
52
53
54
55
56
57
58
59
60
61
62
63
64
65
66
67
68
69
70
71
72
73
74
75
76
77
78
79
80
;

set F[f2]:=
81
82
83
84
85
86
87
88
89
90
91
92
93
94
95
96
97
98
99
100
101
102
103
104
105
106
107
108
109
110
111
112
113
114
115
116
117
118
119
120
121
122
123
124
125
126
127
128
129
130
131
132
133
134
135
136
137
138
139
140
;

set F[f3]:=
141
142
143
144
145
146
147
148
149
150
151
152
153
154
155
156
157
158
159
160
161
162
163
164
165
166
167
168
169
170
171
172
173
174
175
176
177
178
179
180
181
182
183
184
185
186
187
188
189
190
191
192
193
194
195
196
197
198
199
200
;


set E:=
(8,33)
(33,21)
(21,5)
(5,19)
(19,36)
(36,46)
(46,8)
(5,21)
(8,46)
(16,17)
(17,52)
(52,48)
(48,14)
(14,42)
(42,51)
(51,16)
(42,14)
(51,42)
(79,45)
(45,47)
(47,43)
(43,55)
(55,50)
(50,2)
(2,79)
(47,45)
(50,55)
(76,40)
(40,7)
(7,30)
(30,13)
(13,41)
(41,4)
(4,76)
(41,13)
(40,76)
(20,35)
(35,75)
(75,69)
(69,73)
(73,67)
(67,59)
(59,20)
(69,75)
(35,20)
(44,38)
(38,56)
(56,80)
(80,65)
(65,61)
(61,60)
(60,44)
(38,44)
(44,60)
(9,54)
(54,27)
(27,57)
(57,70)
(70,28)
(28,53)
(53,9)
(9,53)
(70,57)
(63,74)
(74,6)
(6,39)
(39,1)
(1,3)
(3,71)
(71,63)
(63,71)
(71,3)
(24,68)
(68,22)
(22,10)
(10,62)
(62,34)
(34,37)
(37,24)
(34,62)
(62,10)
(31,32)
(32,58)
(58,23)
(23,64)
(64,77)
(77,25)
(25,31)
(25,77)
(77,64)
(15,11)
(11,66)
(66,29)
(29,26)
(26,12)
(12,72)
(72,15)
(12,26)
(26,29)
(18,78)
(78,49)
(49,18)
(18,49)
(125,122)
(122,135)
(135,96)
(96,102)
(102,93)
(93,131)
(131,125)
(96,135)
(131,93)
(113,87)
(87,129)
(129,137)
(137,133)
(133,92)
(92,140)
(140,113)
(87,113)
(113,140)
(81,95)
(95,108)
(108,112)
(112,89)
(89,126)
(126,124)
(124,81)
(112,108)
(95,81)
(103,101)
(101,118)
(118,109)
(109,117)
(117,136)
(136,84)
(84,103)
(103,84)
(117,109)
(104,91)
(91,99)
(99,100)
(100,130)
(130,134)
(134,90)
(90,104)
(134,130)
(104,90)
(127,119)
(119,88)
(88,116)
(116,139)
(139,83)
(83,114)
(114,127)
(127,114)
(114,83)
(110,128)
(128,85)
(85,120)
(120,111)
(111,97)
(97,115)
(115,110)
(97,111)
(110,115)
(98,123)
(123,82)
(82,86)
(86,138)
(138,105)
(105,107)
(107,98)
(138,86)
(82,123)
(106,121)
(121,94)
(94,132)
(132,106)
(132,94)
(160,149)
(149,194)
(194,166)
(166,198)
(198,174)
(174,163)
(163,160)
(149,160)
(174,198)
(151,157)
(157,193)
(193,150)
(150,156)
(156,172)
(172,148)
(148,151)
(193,157)
(151,148)
(158,141)
(141,182)
(182,177)
(177,199)
(199,186)
(186,178)
(178,158)
(178,186)
(182,141)
(187,159)
(159,143)
(143,173)
(173,190)
(190,153)
(153,192)
(192,187)
(190,173)
(153,190)
(195,184)
(184,155)
(155,167)
(167,162)
(162,179)
(179,180)
(180,195)
(162,167)
(195,180)
(168,191)
(191,169)
(169,164)
(164,200)
(200,181)
(181,197)
(197,168)
(197,181)
(200,164)
(152,147)
(147,196)
(196,183)
(183,142)
(142,154)
(154,145)
(145,152)
(142,183)
(152,145)
(189,185)
(185,144)
(144,171)
(171,161)
(161,176)
(176,175)
(175,189)
(189,175)
(171,144)
(170,146)
(146,188)
(188,165)
(165,170)
(165,188)
;

param b:=
[8,33] 1
[33,21] 1
[21,5] 6
[5,19] 1
[19,36] 1
[36,46] 1
[46,8] 9
[5,21] 7
[8,46] 8
[16,17] 1
[17,52] 1
[52,48] 1
[48,14] 1
[14,42] 10
[42,51] 8
[51,16] 1
[42,14] 5
[51,42] 6
[79,45] 1
[45,47] 10
[47,43] 1
[43,55] 1
[55,50] 5
[50,2] 1
[2,79] 1
[47,45] 7
[50,55] 7
[76,40] 8
[40,7] 1
[7,30] 1
[30,13] 1
[13,41] 7
[41,4] 1
[4,76] 1
[41,13] 8
[40,76] 9
[20,35] 9
[35,75] 1
[75,69] 8
[69,73] 1
[73,67] 1
[67,59] 1
[59,20] 1
[69,75] 5
[35,20] 8
[44,38] 9
[38,56] 1
[56,80] 1
[80,65] 1
[65,61] 1
[61,60] 1
[60,44] 7
[38,44] 8
[44,60] 6
[9,54] 1
[54,27] 1
[27,57] 1
[57,70] 7
[70,28] 1
[28,53] 1
[53,9] 6
[9,53] 5
[70,57] 9
[63,74] 1
[74,6] 1
[6,39] 1
[39,1] 1
[1,3] 1
[3,71] 9
[71,63] 8
[63,71] 5
[71,3] 5
[24,68] 1
[68,22] 1
[22,10] 1
[10,62] 9
[62,34] 8
[34,37] 1
[37,24] 1
[34,62] 6
[62,10] 8
[31,32] 1
[32,58] 1
[58,23] 1
[23,64] 1
[64,77] 9
[77,25] 10
[25,31] 1
[25,77] 10
[77,64] 9
[15,11] 1
[11,66] 1
[66,29] 1
[29,26] 7
[26,12] 5
[12,72] 1
[72,15] 1
[12,26] 9
[26,29] 9
[18,78] 1
[78,49] 1
[49,18] 10
[18,49] 8
[125,122] 1
[122,135] 1
[135,96] 10
[96,102] 1
[102,93] 1
[93,131] 6
[131,125] 1
[96,135] 6
[131,93] 6
[113,87] 7
[87,129] 1
[129,137] 1
[137,133] 1
[133,92] 1
[92,140] 1
[140,113] 8
[87,113] 8
[113,140] 8
[81,95] 5
[95,108] 1
[108,112] 10
[112,89] 1
[89,126] 1
[126,124] 1
[124,81] 1
[112,108] 5
[95,81] 6
[103,101] 1
[101,118] 1
[118,109] 1
[109,117] 8
[117,136] 1
[136,84] 1
[84,103] 6
[103,84] 9
[117,109] 10
[104,91] 1
[91,99] 1
[99,100] 1
[100,130] 1
[130,134] 9
[134,90] 1
[90,104] 5
[134,130] 9
[104,90] 10
[127,119] 1
[119,88] 1
[88,116] 1
[116,139] 1
[139,83] 1
[83,114] 7
[114,127] 5
[127,114] 7
[114,83] 7
[110,128] 1
[128,85] 1
[85,120] 1
[120,111] 1
[111,97] 10
[97,115] 1
[115,110] 9
[97,111] 7
[110,115] 8
[98,123] 1
[123,82] 9
[82,86] 1
[86,138] 7
[138,105] 1
[105,107] 1
[107,98] 1
[138,86] 8
[82,123] 8
[106,121] 1
[121,94] 1
[94,132] 9
[132,106] 1
[132,94] 6
[160,149] 6
[149,194] 1
[194,166] 1
[166,198] 1
[198,174] 9
[174,163] 1
[163,160] 1
[149,160] 10
[174,198] 9
[151,157] 1
[157,193] 9
[193,150] 1
[150,156] 1
[156,172] 1
[172,148] 1
[148,151] 6
[193,157] 6
[151,148] 10
[158,141] 1
[141,182] 9
[182,177] 1
[177,199] 1
[199,186] 1
[186,178] 10
[178,158] 1
[178,186] 6
[182,141] 6
[187,159] 1
[159,143] 1
[143,173] 1
[173,190] 6
[190,153] 5
[153,192] 1
[192,187] 1
[190,173] 10
[153,190] 6
[195,184] 1
[184,155] 1
[155,167] 1
[167,162] 7
[162,179] 1
[179,180] 1
[180,195] 10
[162,167] 6
[195,180] 5
[168,191] 1
[191,169] 1
[169,164] 1
[164,200] 7
[200,181] 1
[181,197] 10
[197,168] 1
[197,181] 5
[200,164] 7
[152,147] 1
[147,196] 1
[196,183] 1
[183,142] 5
[142,154] 1
[154,145] 1
[145,152] 9
[142,183] 9
[152,145] 9
[189,185] 1
[185,144] 1
[144,171] 8
[171,161] 1
[161,176] 1
[176,175] 1
[175,189] 7
[189,175] 10
[171,144] 8
[170,146] 1
[146,188] 1
[188,165] 6
[165,170] 1
[165,188] 7
;

param d:=
1	2
10	18
100	2
101	2
102	2
103	16
104	16
105	2
106	2
107	2
108	16
109	19
11	2
110	18
111	18
112	16
113	31
114	26
115	18
116	2
117	19
118	2
119	2
12	15
120	2
121	2
122	2
123	18
124	2
125	2
126	2
127	13
128	2
129	2
13	16
130	19
131	13
132	16
133	2
134	19
135	17
136	2
137	2
138	16
139	2
14	16
140	17
141	16
142	15
143	2
144	17
145	19
146	2
147	2
148	17
149	17
15	2
150	2
151	17
152	19
153	12
154	2
155	2
156	2
157	16
158	2
159	2
16	2
160	17
161	2
162	14
163	2
164	15
165	14
166	2
167	14
168	2
169	2
17	2
170	2
171	17
172	2
173	17
174	19
175	18
176	2
177	2
178	17
179	2
18	19
180	16
181	16
182	16
183	15
184	2
185	2
186	17
187	2
188	14
189	18
19	2
190	27
191	2
192	2
193	16
194	2
195	16
196	2
197	16
198	19
199	2
2	2
20	18
200	15
21	14
22	2
23	2
24	2
25	21
26	30
27	2
28	2
29	17
3	15
30	2
31	2
32	2
33	2
34	15
35	18
36	2
37	2
38	18
39	2
4	2
40	18
41	16
42	29
43	2
44	30
45	18
46	18
47	18
48	2
49	19
5	14
50	13
51	15
52	2
53	12
54	2
55	13
56	2
57	17
58	2
59	2
6	2
60	14
61	2
62	31
63	14
64	19
65	2
66	2
67	2
68	2
69	14
7	2
70	17
71	27
72	2
73	2
74	2
75	14
76	18
77	38
78	2
79	2
8	18
80	2
81	12
82	18
83	15
84	16
85	2
86	16
87	16
88	2
89	2
9	12
90	16
91	2
92	2
93	13
94	16
95	12
96	17
97	18
98	2
99	2
;


end;
