data;

param broj_grana:=257;
param N:=200;
param L1:=0.0009930;
param L2:=0.0002483;

set FC:=
f1
f2
f3
;

set V:=
1
2
3
4
5
6
7
8
9
10
11
12
13
14
15
16
17
18
19
20
21
22
23
24
25
26
27
28
29
30
31
32
33
34
35
36
37
38
39
40
41
42
43
44
45
46
47
48
49
50
51
52
53
54
55
56
57
58
59
60
61
62
63
64
65
66
67
68
69
70
71
72
73
74
75
76
77
78
79
80
81
82
83
84
85
86
87
88
89
90
91
92
93
94
95
96
97
98
99
100
101
102
103
104
105
106
107
108
109
110
111
112
113
114
115
116
117
118
119
120
121
122
123
124
125
126
127
128
129
130
131
132
133
134
135
136
137
138
139
140
141
142
143
144
145
146
147
148
149
150
151
152
153
154
155
156
157
158
159
160
161
162
163
164
165
166
167
168
169
170
171
172
173
174
175
176
177
178
179
180
181
182
183
184
185
186
187
188
189
190
191
192
193
194
195
196
197
198
199
200
;

set F[f1]:=
1
2
3
4
5
6
7
8
9
10
11
12
13
14
15
16
17
18
19
20
21
22
23
24
25
26
27
28
29
30
31
32
33
34
35
36
37
38
39
40
41
42
43
44
45
46
47
48
49
50
51
52
53
54
55
56
57
58
59
60
61
62
63
64
65
66
67
68
69
70
71
72
73
74
75
76
77
78
79
80
;

set F[f2]:=
81
82
83
84
85
86
87
88
89
90
91
92
93
94
95
96
97
98
99
100
101
102
103
104
105
106
107
108
109
110
111
112
113
114
115
116
117
118
119
120
121
122
123
124
125
126
127
128
129
130
131
132
133
134
135
136
137
138
139
140
;

set F[f3]:=
141
142
143
144
145
146
147
148
149
150
151
152
153
154
155
156
157
158
159
160
161
162
163
164
165
166
167
168
169
170
171
172
173
174
175
176
177
178
179
180
181
182
183
184
185
186
187
188
189
190
191
192
193
194
195
196
197
198
199
200
;


set E:=
(35,62)
(62,33)
(33,47)
(47,57)
(57,4)
(4,45)
(45,35)
(57,47)
(62,35)
(34,75)
(75,5)
(5,19)
(19,38)
(38,79)
(79,29)
(29,34)
(38,19)
(34,29)
(43,9)
(9,3)
(3,61)
(61,74)
(74,59)
(59,58)
(58,43)
(3,9)
(9,43)
(1,40)
(40,64)
(64,54)
(54,25)
(25,48)
(48,31)
(31,1)
(54,64)
(25,54)
(23,28)
(28,53)
(53,70)
(70,55)
(55,60)
(60,71)
(71,23)
(28,23)
(60,55)
(26,46)
(46,16)
(16,32)
(32,24)
(24,67)
(67,52)
(52,26)
(16,46)
(26,52)
(73,17)
(17,68)
(68,76)
(76,39)
(39,10)
(10,27)
(27,73)
(76,68)
(39,76)
(44,65)
(65,8)
(8,69)
(69,6)
(6,18)
(18,77)
(77,44)
(65,44)
(77,18)
(72,21)
(21,22)
(22,41)
(41,66)
(66,11)
(11,7)
(7,72)
(7,11)
(41,22)
(15,12)
(12,13)
(13,50)
(50,2)
(2,80)
(80,49)
(49,15)
(15,49)
(2,50)
(30,20)
(20,37)
(37,36)
(36,78)
(78,63)
(63,51)
(51,30)
(37,20)
(51,63)
(56,42)
(42,14)
(14,56)
(42,56)
(96,126)
(126,113)
(113,98)
(98,89)
(89,105)
(105,118)
(118,96)
(89,98)
(98,113)
(133,128)
(128,87)
(87,111)
(111,125)
(125,82)
(82,114)
(114,133)
(114,82)
(82,125)
(94,102)
(102,107)
(107,97)
(97,84)
(84,85)
(85,106)
(106,94)
(85,84)
(106,85)
(122,83)
(83,90)
(90,115)
(115,129)
(129,92)
(92,130)
(130,122)
(90,83)
(83,122)
(140,88)
(88,99)
(99,117)
(117,116)
(116,86)
(86,131)
(131,140)
(99,88)
(131,86)
(119,127)
(127,132)
(132,100)
(100,101)
(101,110)
(110,136)
(136,119)
(110,101)
(100,132)
(137,124)
(124,138)
(138,93)
(93,108)
(108,103)
(103,120)
(120,137)
(93,138)
(137,120)
(139,121)
(121,104)
(104,112)
(112,91)
(91,123)
(123,135)
(135,139)
(91,112)
(123,91)
(95,109)
(109,134)
(134,81)
(81,95)
(134,109)
(168,194)
(194,151)
(151,175)
(175,173)
(173,199)
(199,200)
(200,168)
(173,175)
(194,168)
(170,191)
(191,167)
(167,143)
(143,162)
(162,160)
(160,197)
(197,170)
(197,160)
(170,197)
(183,154)
(154,193)
(193,165)
(165,195)
(195,159)
(159,174)
(174,183)
(159,195)
(193,154)
(144,187)
(187,150)
(150,190)
(190,149)
(149,153)
(153,169)
(169,144)
(153,149)
(149,190)
(161,186)
(186,142)
(142,158)
(158,171)
(171,180)
(180,163)
(163,161)
(171,158)
(163,180)
(198,157)
(157,146)
(146,155)
(155,176)
(176,177)
(177,145)
(145,198)
(155,146)
(176,155)
(172,196)
(196,181)
(181,164)
(164,141)
(141,156)
(156,152)
(152,172)
(164,181)
(196,172)
(185,184)
(184,189)
(189,188)
(188,178)
(178,166)
(166,179)
(179,185)
(178,188)
(166,178)
(148,192)
(192,147)
(147,182)
(182,148)
(148,182)
;

param b:=
[35,62] 8
[62,33] 1
[33,47] 1
[47,57] 6
[57,4] 1
[4,45] 1
[45,35] 1
[57,47] 5
[62,35] 9
[34,75] 1
[75,5] 1
[5,19] 1
[19,38] 7
[38,79] 1
[79,29] 1
[29,34] 6
[38,19] 8
[34,29] 5
[43,9] 8
[9,3] 9
[3,61] 1
[61,74] 1
[74,59] 1
[59,58] 1
[58,43] 1
[3,9] 9
[9,43] 5
[1,40] 1
[40,64] 1
[64,54] 8
[54,25] 5
[25,48] 1
[48,31] 1
[31,1] 1
[54,64] 5
[25,54] 6
[23,28] 8
[28,53] 1
[53,70] 1
[70,55] 1
[55,60] 8
[60,71] 1
[71,23] 1
[28,23] 5
[60,55] 6
[26,46] 1
[46,16] 6
[16,32] 1
[32,24] 1
[24,67] 1
[67,52] 1
[52,26] 7
[16,46] 5
[26,52] 5
[73,17] 1
[17,68] 1
[68,76] 9
[76,39] 6
[39,10] 1
[10,27] 1
[27,73] 1
[76,68] 10
[39,76] 7
[44,65] 8
[65,8] 1
[8,69] 1
[69,6] 1
[6,18] 1
[18,77] 7
[77,44] 1
[65,44] 9
[77,18] 8
[72,21] 1
[21,22] 1
[22,41] 6
[41,66] 1
[66,11] 1
[11,7] 10
[7,72] 1
[7,11] 10
[41,22] 5
[15,12] 1
[12,13] 1
[13,50] 1
[50,2] 10
[2,80] 1
[80,49] 1
[49,15] 6
[15,49] 8
[2,50] 8
[30,20] 1
[20,37] 9
[37,36] 1
[36,78] 1
[78,63] 1
[63,51] 6
[51,30] 1
[37,20] 8
[51,63] 8
[56,42] 9
[42,14] 1
[14,56] 1
[42,56] 7
[96,126] 1
[126,113] 1
[113,98] 7
[98,89] 5
[89,105] 1
[105,118] 1
[118,96] 1
[89,98] 8
[98,113] 9
[133,128] 1
[128,87] 1
[87,111] 1
[111,125] 1
[125,82] 9
[82,114] 7
[114,133] 1
[114,82] 6
[82,125] 6
[94,102] 1
[102,107] 1
[107,97] 1
[97,84] 1
[84,85] 9
[85,106] 7
[106,94] 1
[85,84] 7
[106,85] 6
[122,83] 5
[83,90] 7
[90,115] 1
[115,129] 1
[129,92] 1
[92,130] 1
[130,122] 1
[90,83] 9
[83,122] 8
[140,88] 1
[88,99] 9
[99,117] 1
[117,116] 1
[116,86] 1
[86,131] 10
[131,140] 1
[99,88] 10
[131,86] 7
[119,127] 1
[127,132] 1
[132,100] 5
[100,101] 1
[101,110] 10
[110,136] 1
[136,119] 1
[110,101] 9
[100,132] 10
[137,124] 1
[124,138] 1
[138,93] 6
[93,108] 1
[108,103] 1
[103,120] 1
[120,137] 10
[93,138] 8
[137,120] 8
[139,121] 1
[121,104] 1
[104,112] 1
[112,91] 8
[91,123] 10
[123,135] 1
[135,139] 1
[91,112] 9
[123,91] 8
[95,109] 1
[109,134] 10
[134,81] 1
[81,95] 1
[134,109] 5
[168,194] 6
[194,151] 1
[151,175] 1
[175,173] 10
[173,199] 1
[199,200] 1
[200,168] 1
[173,175] 9
[194,168] 6
[170,191] 1
[191,167] 1
[167,143] 1
[143,162] 1
[162,160] 1
[160,197] 7
[197,170] 8
[197,160] 8
[170,197] 10
[183,154] 1
[154,193] 6
[193,165] 1
[165,195] 1
[195,159] 8
[159,174] 1
[174,183] 1
[159,195] 8
[193,154] 9
[144,187] 1
[187,150] 1
[150,190] 1
[190,149] 5
[149,153] 5
[153,169] 1
[169,144] 1
[153,149] 6
[149,190] 10
[161,186] 1
[186,142] 1
[142,158] 1
[158,171] 6
[171,180] 1
[180,163] 8
[163,161] 1
[171,158] 8
[163,180] 10
[198,157] 1
[157,146] 1
[146,155] 9
[155,176] 8
[176,177] 1
[177,145] 1
[145,198] 1
[155,146] 10
[176,155] 9
[172,196] 10
[196,181] 1
[181,164] 5
[164,141] 1
[141,156] 1
[156,152] 1
[152,172] 1
[164,181] 10
[196,172] 8
[185,184] 1
[184,189] 1
[189,188] 1
[188,178] 5
[178,166] 10
[166,179] 1
[179,185] 1
[178,188] 5
[166,178] 6
[148,192] 1
[192,147] 1
[147,182] 1
[182,148] 8
[148,182] 8
;

param d:=
1	2
10	2
100	16
101	20
102	2
103	2
104	2
105	2
106	14
107	2
108	2
109	16
11	21
110	20
111	2
112	18
113	17
114	14
115	2
116	2
117	2
118	2
119	2
12	2
120	19
121	2
122	14
123	19
124	2
125	16
126	2
127	2
128	2
129	2
13	2
130	2
131	18
132	16
133	2
134	16
135	2
136	2
137	19
138	15
139	2
14	2
140	2
141	2
142	2
143	2
144	2
145	2
146	20
147	2
148	17
149	26
15	15
150	2
151	2
152	2
153	12
154	16
155	36
156	2
157	2
158	15
159	17
16	12
160	16
161	2
162	2
163	19
164	16
165	2
166	17
167	2
168	13
169	2
17	2
170	19
171	15
172	19
173	20
174	2
175	20
176	18
177	2
178	26
179	2
18	16
180	19
181	16
182	17
183	2
184	2
185	2
186	2
187	2
188	11
189	2
19	16
190	16
191	2
192	2
193	16
194	13
195	17
196	19
197	33
198	2
199	2
2	19
20	18
200	2
21	2
22	12
23	14
24	2
25	12
26	13
27	2
28	14
29	12
3	19
30	2
31	2
32	2
33	2
34	12
35	18
36	2
37	18
38	16
39	14
4	2
40	2
41	12
42	17
43	14
44	18
45	2
46	12
47	12
48	2
49	15
5	2
50	19
51	15
52	13
53	2
54	24
55	15
56	17
57	12
58	2
59	2
6	2
60	15
61	2
62	18
63	15
64	14
65	18
66	2
67	2
68	20
69	2
7	21
70	2
71	2
72	2
73	2
74	2
75	2
76	32
77	16
78	2
79	2
8	2
80	2
81	2
82	28
83	29
84	17
85	29
86	18
87	2
88	20
89	14
9	31
90	17
91	35
92	2
93	15
94	2
95	2
96	2
97	2
98	29
99	20
;


end;
