data;

param broj_grana:=52;
param N:=40;
param L1:=0.0046729;
param L2:=0.0011682;

set FC:=
f1
f2
f3
;

set V:=
1
2
3
4
5
6
7
8
9
10
11
12
13
14
15
16
17
18
19
20
21
22
23
24
25
26
27
28
29
30
31
32
33
34
35
36
37
38
39
40
;

set F[f1]:=
1
2
3
4
5
6
7
8
9
10
11
12
13
14
15
16
;

set F[f2]:=
17
18
19
20
21
22
23
24
25
26
27
28
;

set F[f3]:=
29
30
31
32
33
34
35
36
37
38
39
40
;


set E:=
(6,8)
(8,13)
(13,10)
(10,4)
(4,14)
(14,12)
(12,6)
(4,10)
(12,14)
(1,2)
(2,9)
(9,15)
(15,5)
(5,11)
(11,7)
(7,1)
(11,5)
(2,1)
(3,16)
(16,3)
(19,20)
(20,17)
(17,25)
(25,24)
(24,18)
(18,23)
(23,19)
(18,24)
(20,19)
(27,21)
(21,28)
(28,22)
(22,26)
(26,27)
(28,21)
(22,28)
(29,31)
(31,35)
(35,36)
(36,32)
(32,40)
(40,38)
(38,29)
(35,31)
(29,38)
(33,39)
(39,37)
(37,34)
(34,30)
(30,33)
(34,37)
(33,30)
;

param b:=
[6,8] 1
[8,13] 1
[13,10] 1
[10,4] 8
[4,14] 1
[14,12] 10
[12,6] 1
[4,10] 5
[12,14] 7
[1,2] 8
[2,9] 1
[9,15] 1
[15,5] 1
[5,11] 10
[11,7] 1
[7,1] 1
[11,5] 5
[2,1] 5
[3,16] 9
[16,3] 7
[19,20] 7
[20,17] 1
[17,25] 1
[25,24] 1
[24,18] 8
[18,23] 1
[23,19] 1
[18,24] 9
[20,19] 5
[27,21] 1
[21,28] 5
[28,22] 9
[22,26] 1
[26,27] 1
[28,21] 7
[22,28] 5
[29,31] 1
[31,35] 8
[35,36] 1
[36,32] 1
[32,40] 1
[40,38] 1
[38,29] 9
[35,31] 5
[29,38] 10
[33,39] 1
[39,37] 1
[37,34] 6
[34,30] 1
[30,33] 5
[34,37] 8
[33,30] 8
;

param d:=
1	14
10	14
11	16
12	18
13	2
14	18
15	2
16	16
17	2
18	18
19	13
2	14
20	13
21	13
22	15
23	2
24	18
25	2
26	2
27	2
28	26
29	20
3	16
30	14
31	14
32	2
33	14
34	15
35	14
36	2
37	15
38	20
39	2
4	14
40	2
5	16
6	2
7	2
8	2
9	2
;


end;
