data;

param broj_grana:=52;
param N:=40;
param L1:=0.0044843;
param L2:=0.0011211;

set FC:=
f1
f2
f3
;

set V:=
1
2
3
4
5
6
7
8
9
10
11
12
13
14
15
16
17
18
19
20
21
22
23
24
25
26
27
28
29
30
31
32
33
34
35
36
37
38
39
40
;

set F[f1]:=
1
2
3
4
5
6
7
8
9
10
11
12
13
14
15
16
;

set F[f2]:=
17
18
19
20
21
22
23
24
25
26
27
28
;

set F[f3]:=
29
30
31
32
33
34
35
36
37
38
39
40
;


set E:=
(9,12)
(12,14)
(14,11)
(11,16)
(16,5)
(5,7)
(7,9)
(7,5)
(11,14)
(6,13)
(13,2)
(2,10)
(10,15)
(15,8)
(8,1)
(1,6)
(2,13)
(8,15)
(3,4)
(4,3)
(24,18)
(18,25)
(25,26)
(26,23)
(23,28)
(28,21)
(21,24)
(28,23)
(18,24)
(20,22)
(22,19)
(19,27)
(27,17)
(17,20)
(20,17)
(22,20)
(38,36)
(36,33)
(33,37)
(37,34)
(34,40)
(40,31)
(31,38)
(36,38)
(34,37)
(29,32)
(32,30)
(30,39)
(39,35)
(35,29)
(29,35)
(35,39)
;

param b:=
[9,12] 1
[12,14] 1
[14,11] 5
[11,16] 1
[16,5] 1
[5,7] 9
[7,9] 1
[7,5] 5
[11,14] 9
[6,13] 1
[13,2] 6
[2,10] 1
[10,15] 1
[15,8] 5
[8,1] 1
[1,6] 1
[2,13] 6
[8,15] 7
[3,4] 5
[4,3] 8
[24,18] 7
[18,25] 1
[25,26] 1
[26,23] 1
[23,28] 9
[28,21] 1
[21,24] 1
[28,23] 9
[18,24] 8
[20,22] 10
[22,19] 1
[19,27] 1
[27,17] 1
[17,20] 10
[20,17] 6
[22,20] 10
[38,36] 6
[36,33] 1
[33,37] 1
[37,34] 6
[34,40] 1
[40,31] 1
[31,38] 1
[36,38] 8
[34,37] 9
[29,32] 1
[32,30] 1
[30,39] 1
[39,35] 8
[35,29] 9
[29,35] 10
[35,39] 7
;

param d:=
1	2
10	2
11	15
12	2
13	13
14	15
15	13
16	2
17	17
18	16
19	2
2	13
20	36
21	2
22	21
23	19
24	16
25	2
26	2
27	2
28	19
29	20
3	13
30	2
31	2
32	2
33	2
34	16
35	34
36	15
37	16
38	15
39	16
4	13
40	2
5	15
6	2
7	15
8	13
9	2
;


end;
