data;

param broj_grana:=52;
param N:=40;
param L1:=0.0044248;
param L2:=0.0011062;

set FC:=
f1
f2
f3
;

set V:=
1
2
3
4
5
6
7
8
9
10
11
12
13
14
15
16
17
18
19
20
21
22
23
24
25
26
27
28
29
30
31
32
33
34
35
36
37
38
39
40
;

set F[f1]:=
1
2
3
4
5
6
7
8
9
10
11
12
13
14
15
16
;

set F[f2]:=
17
18
19
20
21
22
23
24
25
26
27
28
;

set F[f3]:=
29
30
31
32
33
34
35
36
37
38
39
40
;


set E:=
(7,11)
(11,15)
(15,14)
(14,5)
(5,10)
(10,4)
(4,7)
(4,10)
(15,11)
(12,16)
(16,6)
(6,13)
(13,3)
(3,8)
(8,1)
(1,12)
(8,3)
(16,12)
(9,2)
(2,9)
(28,25)
(25,24)
(24,17)
(17,19)
(19,26)
(26,27)
(27,28)
(17,24)
(25,28)
(20,22)
(22,21)
(21,18)
(18,23)
(23,20)
(22,20)
(20,23)
(31,36)
(36,34)
(34,30)
(30,29)
(29,37)
(37,40)
(40,31)
(34,36)
(36,31)
(32,35)
(35,33)
(33,38)
(38,39)
(39,32)
(39,38)
(35,32)
;

param b:=
[7,11] 1
[11,15] 6
[15,14] 1
[14,5] 1
[5,10] 1
[10,4] 10
[4,7] 1
[4,10] 8
[15,11] 6
[12,16] 6
[16,6] 1
[6,13] 1
[13,3] 1
[3,8] 9
[8,1] 1
[1,12] 1
[8,3] 9
[16,12] 10
[9,2] 5
[2,9] 10
[28,25] 10
[25,24] 1
[24,17] 5
[17,19] 1
[19,26] 1
[26,27] 1
[27,28] 1
[17,24] 5
[25,28] 8
[20,22] 7
[22,21] 1
[21,18] 1
[18,23] 1
[23,20] 6
[22,20] 10
[20,23] 8
[31,36] 8
[36,34] 6
[34,30] 1
[30,29] 1
[29,37] 1
[37,40] 1
[40,31] 1
[34,36] 6
[36,31] 10
[32,35] 9
[35,33] 1
[33,38] 1
[38,39] 8
[39,32] 1
[39,38] 7
[35,32] 8
;

param d:=
1	2
10	19
11	13
12	17
13	2
14	2
15	13
16	17
17	11
18	2
19	2
2	15
20	31
21	2
22	18
23	15
24	11
25	19
26	2
27	2
28	19
29	2
3	19
30	2
31	19
32	18
33	2
34	13
35	18
36	30
37	2
38	16
39	16
4	19
40	2
5	2
6	2
7	2
8	19
9	15
;


end;
