data;

param broj_grana:=52;
param N:=40;
param L1:=0.0046296;
param L2:=0.0011574;

set FC:=
f1
f2
f3
;

set V:=
1
2
3
4
5
6
7
8
9
10
11
12
13
14
15
16
17
18
19
20
21
22
23
24
25
26
27
28
29
30
31
32
33
34
35
36
37
38
39
40
;

set F[f1]:=
1
2
3
4
5
6
7
8
9
10
11
12
13
14
15
16
;

set F[f2]:=
17
18
19
20
21
22
23
24
25
26
27
28
;

set F[f3]:=
29
30
31
32
33
34
35
36
37
38
39
40
;


set E:=
(15,11)
(11,10)
(10,6)
(6,2)
(2,9)
(9,12)
(12,15)
(15,12)
(9,2)
(13,3)
(3,8)
(8,7)
(7,1)
(1,16)
(16,4)
(4,13)
(3,13)
(1,7)
(5,14)
(14,5)
(20,24)
(24,26)
(26,27)
(27,25)
(25,18)
(18,23)
(23,20)
(18,25)
(24,20)
(19,21)
(21,17)
(17,22)
(22,28)
(28,19)
(28,22)
(19,28)
(34,36)
(36,40)
(40,29)
(29,31)
(31,35)
(35,38)
(38,34)
(29,40)
(36,34)
(32,39)
(39,37)
(37,33)
(33,30)
(30,32)
(39,32)
(32,30)
;

param b:=
[15,11] 1
[11,10] 1
[10,6] 1
[6,2] 1
[2,9] 8
[9,12] 1
[12,15] 10
[15,12] 9
[9,2] 8
[13,3] 9
[3,8] 1
[8,7] 1
[7,1] 7
[1,16] 1
[16,4] 1
[4,13] 1
[3,13] 6
[1,7] 6
[5,14] 7
[14,5] 5
[20,24] 10
[24,26] 1
[26,27] 1
[27,25] 1
[25,18] 7
[18,23] 1
[23,20] 1
[18,25] 7
[24,20] 6
[19,21] 1
[21,17] 1
[17,22] 1
[22,28] 7
[28,19] 5
[28,22] 9
[19,28] 5
[34,36] 7
[36,40] 1
[40,29] 7
[29,31] 1
[31,35] 1
[35,38] 1
[38,34] 1
[29,40] 9
[36,34] 7
[32,39] 9
[39,37] 1
[37,33] 1
[33,30] 1
[30,32] 5
[39,32] 7
[32,30] 8
;

param d:=
1	14
10	2
11	2
12	20
13	16
14	12
15	20
16	2
17	2
18	15
19	11
2	17
20	17
21	2
22	17
23	2
24	17
25	15
26	2
27	2
28	26
29	17
3	16
30	14
31	2
32	29
33	2
34	15
35	2
36	15
37	2
38	2
39	17
4	2
40	17
5	12
6	2
7	14
8	2
9	17
;


end;
