data;

param broj_grana:=52;
param N:=40;
param L1:=0.0046083;
param L2:=0.0011521;

set FC:=
f1
f2
f3
;

set V:=
1
2
3
4
5
6
7
8
9
10
11
12
13
14
15
16
17
18
19
20
21
22
23
24
25
26
27
28
29
30
31
32
33
34
35
36
37
38
39
40
;

set F[f1]:=
1
2
3
4
5
6
7
8
9
10
11
12
13
14
15
16
;

set F[f2]:=
17
18
19
20
21
22
23
24
25
26
27
28
;

set F[f3]:=
29
30
31
32
33
34
35
36
37
38
39
40
;


set E:=
(4,7)
(7,14)
(14,13)
(13,6)
(6,15)
(15,9)
(9,4)
(6,13)
(15,6)
(1,10)
(10,3)
(3,2)
(2,12)
(12,5)
(5,8)
(8,1)
(3,10)
(12,2)
(11,16)
(16,11)
(24,21)
(21,27)
(27,17)
(17,22)
(22,25)
(25,23)
(23,24)
(23,25)
(22,17)
(20,18)
(18,26)
(26,28)
(28,19)
(19,20)
(19,28)
(18,20)
(30,29)
(29,38)
(38,36)
(36,35)
(35,32)
(32,37)
(37,30)
(38,29)
(29,30)
(33,31)
(31,40)
(40,39)
(39,34)
(34,33)
(34,39)
(31,33)
;

param b:=
[4,7] 1
[7,14] 1
[14,13] 1
[13,6] 10
[6,15] 8
[15,9] 1
[9,4] 1
[6,13] 7
[15,6] 7
[1,10] 1
[10,3] 6
[3,2] 1
[2,12] 8
[12,5] 1
[5,8] 1
[8,1] 1
[3,10] 6
[12,2] 7
[11,16] 8
[16,11] 10
[24,21] 1
[21,27] 1
[27,17] 1
[17,22] 10
[22,25] 1
[25,23] 8
[23,24] 1
[23,25] 10
[22,17] 8
[20,18] 5
[18,26] 1
[26,28] 1
[28,19] 5
[19,20] 1
[19,28] 9
[18,20] 5
[30,29] 5
[29,38] 5
[38,36] 1
[36,35] 1
[35,32] 1
[32,37] 1
[37,30] 1
[38,29] 8
[29,30] 7
[33,31] 10
[31,40] 1
[40,39] 1
[39,34] 5
[34,33] 1
[34,39] 8
[31,33] 6
;

param d:=
1	2
10	13
11	18
12	16
13	18
14	2
15	16
16	18
17	19
18	11
19	15
2	16
20	11
21	2
22	19
23	19
24	2
25	19
26	2
27	2
28	15
29	25
3	13
30	13
31	17
32	2
33	17
34	14
35	2
36	2
37	2
38	14
39	14
4	2
40	2
5	2
6	32
7	2
8	2
9	2
;


end;
