data;

param broj_grana:=52;
param N:=40;
param L1:=0.0042918;
param L2:=0.0010730;

set FC:=
f1
f2
f3
;

set V:=
1
2
3
4
5
6
7
8
9
10
11
12
13
14
15
16
17
18
19
20
21
22
23
24
25
26
27
28
29
30
31
32
33
34
35
36
37
38
39
40
;

set F[f1]:=
1
2
3
4
5
6
7
8
9
10
11
12
13
14
15
16
;

set F[f2]:=
17
18
19
20
21
22
23
24
25
26
27
28
;

set F[f3]:=
29
30
31
32
33
34
35
36
37
38
39
40
;


set E:=
(14,16)
(16,3)
(3,15)
(15,10)
(10,12)
(12,4)
(4,14)
(4,12)
(16,14)
(8,6)
(6,7)
(7,13)
(13,5)
(5,11)
(11,1)
(1,8)
(11,5)
(1,11)
(2,9)
(9,2)
(25,22)
(22,26)
(26,19)
(19,28)
(28,20)
(20,23)
(23,25)
(23,20)
(26,22)
(18,21)
(21,27)
(27,17)
(17,24)
(24,18)
(24,17)
(21,18)
(35,36)
(36,38)
(38,40)
(40,29)
(29,39)
(39,30)
(30,35)
(30,39)
(39,29)
(37,34)
(34,33)
(33,31)
(31,32)
(32,37)
(32,31)
(34,37)
;

param b:=
[14,16] 5
[16,3] 1
[3,15] 1
[15,10] 1
[10,12] 1
[12,4] 7
[4,14] 1
[4,12] 9
[16,14] 8
[8,6] 1
[6,7] 1
[7,13] 1
[13,5] 1
[5,11] 10
[11,1] 10
[1,8] 1
[11,5] 9
[1,11] 10
[2,9] 10
[9,2] 7
[25,22] 1
[22,26] 5
[26,19] 1
[19,28] 1
[28,20] 1
[20,23] 8
[23,25] 1
[23,20] 8
[26,22] 7
[18,21] 7
[21,27] 1
[27,17] 1
[17,24] 7
[24,18] 1
[24,17] 9
[21,18] 6
[35,36] 1
[36,38] 1
[38,40] 1
[40,29] 1
[29,39] 10
[39,30] 7
[30,35] 1
[30,39] 9
[39,29] 6
[37,34] 9
[34,33] 1
[33,31] 1
[31,32] 9
[32,37] 1
[32,31] 5
[34,37] 10
;

param d:=
1	21
10	2
11	39
12	17
13	2
14	14
15	2
16	14
17	17
18	14
19	2
2	17
20	17
21	14
22	13
23	17
24	17
25	2
26	13
27	2
28	2
29	17
3	2
30	17
31	15
32	15
33	2
34	20
35	2
36	2
37	20
38	2
39	32
4	17
40	2
5	20
6	2
7	2
8	2
9	17
;


end;
