data;

param broj_grana:=52;
param N:=40;
param L1:=0.0048309;
param L2:=0.0012077;

set FC:=
f1
f2
f3
;

set V:=
1
2
3
4
5
6
7
8
9
10
11
12
13
14
15
16
17
18
19
20
21
22
23
24
25
26
27
28
29
30
31
32
33
34
35
36
37
38
39
40
;

set F[f1]:=
1
2
3
4
5
6
7
8
9
10
11
12
13
14
15
16
;

set F[f2]:=
17
18
19
20
21
22
23
24
25
26
27
28
;

set F[f3]:=
29
30
31
32
33
34
35
36
37
38
39
40
;


set E:=
(9,13)
(13,8)
(8,1)
(1,4)
(4,3)
(3,2)
(2,9)
(4,1)
(9,2)
(16,11)
(11,5)
(5,7)
(7,15)
(15,10)
(10,12)
(12,16)
(16,12)
(12,10)
(14,6)
(6,14)
(17,24)
(24,20)
(20,23)
(23,28)
(28,25)
(25,21)
(21,17)
(23,20)
(21,25)
(18,26)
(26,19)
(19,27)
(27,22)
(22,18)
(19,26)
(27,19)
(36,30)
(30,35)
(35,29)
(29,39)
(39,32)
(32,37)
(37,36)
(36,37)
(32,39)
(40,38)
(38,33)
(33,34)
(34,31)
(31,40)
(40,31)
(33,38)
;

param b:=
[9,13] 1
[13,8] 1
[8,1] 1
[1,4] 6
[4,3] 1
[3,2] 1
[2,9] 7
[4,1] 7
[9,2] 6
[16,11] 1
[11,5] 1
[5,7] 1
[7,15] 1
[15,10] 1
[10,12] 6
[12,16] 6
[16,12] 10
[12,10] 6
[14,6] 7
[6,14] 7
[17,24] 1
[24,20] 1
[20,23] 6
[23,28] 1
[28,25] 1
[25,21] 8
[21,17] 1
[23,20] 6
[21,25] 5
[18,26] 1
[26,19] 6
[19,27] 6
[27,22] 1
[22,18] 1
[19,26] 10
[27,19] 7
[36,30] 1
[30,35] 1
[35,29] 1
[29,39] 1
[39,32] 10
[32,37] 1
[37,36] 6
[36,37] 6
[32,39] 6
[40,38] 1
[38,33] 9
[33,34] 1
[34,31] 1
[31,40] 5
[40,31] 8
[33,38] 9
;

param d:=
1	14
10	13
11	2
12	28
13	2
14	14
15	2
16	17
17	2
18	2
19	29
2	14
20	13
21	14
22	2
23	13
24	2
25	14
26	17
27	14
28	2
29	2
3	2
30	2
31	14
32	17
33	19
34	2
35	2
36	13
37	13
38	19
39	17
4	14
40	14
5	2
6	14
7	2
8	2
9	14
;


end;
