data;

param broj_grana:=52;
param N:=40;
param L1:=0.0043478;
param L2:=0.0010870;

set FC:=
f1
f2
f3
;

set V:=
1
2
3
4
5
6
7
8
9
10
11
12
13
14
15
16
17
18
19
20
21
22
23
24
25
26
27
28
29
30
31
32
33
34
35
36
37
38
39
40
;

set F[f1]:=
1
2
3
4
5
6
7
8
9
10
11
12
13
14
15
16
;

set F[f2]:=
17
18
19
20
21
22
23
24
25
26
27
28
;

set F[f3]:=
29
30
31
32
33
34
35
36
37
38
39
40
;


set E:=
(6,9)
(9,12)
(12,1)
(1,7)
(7,2)
(2,16)
(16,6)
(6,16)
(2,7)
(5,10)
(10,14)
(14,3)
(3,15)
(15,4)
(4,13)
(13,5)
(15,3)
(4,15)
(11,8)
(8,11)
(20,27)
(27,28)
(28,23)
(23,24)
(24,17)
(17,22)
(22,20)
(24,23)
(28,27)
(26,25)
(25,21)
(21,18)
(18,19)
(19,26)
(25,26)
(18,21)
(38,35)
(35,34)
(34,40)
(40,33)
(33,30)
(30,37)
(37,38)
(38,37)
(33,40)
(39,31)
(31,32)
(32,36)
(36,29)
(29,39)
(31,39)
(36,32)
;

param b:=
[6,9] 1
[9,12] 1
[12,1] 1
[1,7] 1
[7,2] 6
[2,16] 1
[16,6] 8
[6,16] 9
[2,7] 7
[5,10] 1
[10,14] 1
[14,3] 1
[3,15] 10
[15,4] 8
[4,13] 1
[13,5] 1
[15,3] 5
[4,15] 10
[11,8] 10
[8,11] 7
[20,27] 1
[27,28] 10
[28,23] 1
[23,24] 8
[24,17] 1
[17,22] 1
[22,20] 1
[24,23] 10
[28,27] 7
[26,25] 9
[25,21] 1
[21,18] 5
[18,19] 1
[19,26] 1
[25,26] 8
[18,21] 5
[38,35] 1
[35,34] 1
[34,40] 1
[40,33] 8
[33,30] 1
[30,37] 1
[37,38] 5
[38,37] 7
[33,40] 6
[39,31] 9
[31,32] 1
[32,36] 8
[36,29] 1
[29,39] 1
[31,39] 10
[36,32] 9
;

param d:=
1	2
10	2
11	17
12	2
13	2
14	2
15	33
16	18
17	2
18	11
19	2
2	14
20	2
21	11
22	2
23	19
24	19
25	18
26	18
27	18
28	18
29	2
3	16
30	2
31	20
32	18
33	15
34	2
35	2
36	18
37	13
38	13
39	20
4	19
40	15
5	2
6	18
7	14
8	17
9	2
;


end;
