data;

param broj_grana:=52;
param N:=40;
param L1:=0.0044053;
param L2:=0.0011013;

set FC:=
f1
f2
f3
;

set V:=
1
2
3
4
5
6
7
8
9
10
11
12
13
14
15
16
17
18
19
20
21
22
23
24
25
26
27
28
29
30
31
32
33
34
35
36
37
38
39
40
;

set F[f1]:=
1
2
3
4
5
6
7
8
9
10
11
12
13
14
15
16
;

set F[f2]:=
17
18
19
20
21
22
23
24
25
26
27
28
;

set F[f3]:=
29
30
31
32
33
34
35
36
37
38
39
40
;


set E:=
(16,11)
(11,15)
(15,6)
(6,3)
(3,10)
(10,4)
(4,16)
(3,6)
(10,3)
(5,14)
(14,9)
(9,1)
(1,2)
(2,7)
(7,12)
(12,5)
(7,2)
(5,12)
(8,13)
(13,8)
(18,19)
(19,22)
(22,25)
(25,20)
(20,21)
(21,23)
(23,18)
(25,22)
(18,23)
(27,17)
(17,26)
(26,24)
(24,28)
(28,27)
(24,26)
(17,27)
(38,31)
(31,37)
(37,30)
(30,34)
(34,32)
(32,36)
(36,38)
(30,37)
(38,36)
(40,35)
(35,39)
(39,29)
(29,33)
(33,40)
(29,39)
(39,35)
;

param b:=
[16,11] 1
[11,15] 1
[15,6] 1
[6,3] 10
[3,10] 10
[10,4] 1
[4,16] 1
[3,6] 5
[10,3] 7
[5,14] 1
[14,9] 1
[9,1] 1
[1,2] 1
[2,7] 9
[7,12] 1
[12,5] 9
[7,2] 5
[5,12] 8
[8,13] 6
[13,8] 6
[18,19] 1
[19,22] 1
[22,25] 9
[25,20] 1
[20,21] 1
[21,23] 1
[23,18] 9
[25,22] 7
[18,23] 5
[27,17] 7
[17,26] 1
[26,24] 8
[24,28] 1
[28,27] 1
[24,26] 7
[17,27] 10
[38,31] 1
[31,37] 1
[37,30] 9
[30,34] 1
[34,32] 1
[32,36] 1
[36,38] 5
[30,37] 7
[38,36] 9
[40,35] 1
[35,39] 10
[39,29] 6
[29,33] 1
[33,40] 1
[29,39] 10
[39,35] 8
;

param d:=
1	2
10	18
11	2
12	18
13	12
14	2
15	2
16	2
17	18
18	15
19	2
2	15
20	2
21	2
22	17
23	15
24	16
25	17
26	16
27	18
28	2
29	17
3	32
30	17
31	2
32	2
33	2
34	2
35	19
36	15
37	17
38	15
39	34
4	2
40	2
5	18
6	16
7	15
8	12
9	2
;


end;
