data;

param broj_grana:=52;
param N:=40;
param L1:=0.0045662;
param L2:=0.0011416;

set FC:=
f1
f2
f3
;

set V:=
1
2
3
4
5
6
7
8
9
10
11
12
13
14
15
16
17
18
19
20
21
22
23
24
25
26
27
28
29
30
31
32
33
34
35
36
37
38
39
40
;

set F[f1]:=
1
2
3
4
5
6
7
8
9
10
11
12
13
14
15
16
;

set F[f2]:=
17
18
19
20
21
22
23
24
25
26
27
28
;

set F[f3]:=
29
30
31
32
33
34
35
36
37
38
39
40
;


set E:=
(3,11)
(11,16)
(16,5)
(5,2)
(2,10)
(10,13)
(13,3)
(3,13)
(13,10)
(8,12)
(12,6)
(6,15)
(15,9)
(9,4)
(4,7)
(7,8)
(9,15)
(4,9)
(14,1)
(1,14)
(20,19)
(19,23)
(23,25)
(25,17)
(17,22)
(22,28)
(28,20)
(28,22)
(17,25)
(18,26)
(26,21)
(21,27)
(27,24)
(24,18)
(27,21)
(26,18)
(33,34)
(34,36)
(36,40)
(40,38)
(38,35)
(35,30)
(30,33)
(35,38)
(36,34)
(37,39)
(39,29)
(29,32)
(32,31)
(31,37)
(29,39)
(32,29)
;

param b:=
[3,11] 1
[11,16] 1
[16,5] 1
[5,2] 1
[2,10] 1
[10,13] 7
[13,3] 8
[3,13] 6
[13,10] 8
[8,12] 1
[12,6] 1
[6,15] 1
[15,9] 6
[9,4] 10
[4,7] 1
[7,8] 1
[9,15] 6
[4,9] 9
[14,1] 6
[1,14] 5
[20,19] 1
[19,23] 1
[23,25] 1
[25,17] 5
[17,22] 1
[22,28] 8
[28,20] 1
[28,22] 8
[17,25] 7
[18,26] 6
[26,21] 1
[21,27] 9
[27,24] 1
[24,18] 1
[27,21] 6
[26,18] 8
[33,34] 1
[34,36] 7
[36,40] 1
[40,38] 1
[38,35] 8
[35,30] 1
[30,33] 1
[35,38] 9
[36,34] 6
[37,39] 1
[39,29] 9
[29,32] 9
[32,31] 1
[31,37] 1
[29,39] 9
[32,29] 8
;

param d:=
1	11
10	16
11	2
12	2
13	29
14	11
15	13
16	2
17	13
18	15
19	2
2	2
20	2
21	16
22	17
23	2
24	2
25	13
26	15
27	16
28	17
29	35
3	15
30	2
31	2
32	18
33	2
34	14
35	18
36	14
37	2
38	18
39	19
4	20
40	2
5	2
6	2
7	2
8	2
9	31
;


end;
