data;

param broj_grana:=64;
param N:=50;
param L1:=0.0038168;
param L2:=0.0009542;

set FC:=
f1
f2
f3
;

set V:=
1
2
3
4
5
6
7
8
9
10
11
12
13
14
15
16
17
18
19
20
21
22
23
24
25
26
27
28
29
30
31
32
33
34
35
36
37
38
39
40
41
42
43
44
45
46
47
48
49
50
;

set F[f1]:=
1
2
3
4
5
6
7
8
9
10
11
12
13
14
15
16
17
18
19
20
;

set F[f2]:=
21
22
23
24
25
26
27
28
29
30
31
32
33
34
35
;

set F[f3]:=
36
37
38
39
40
41
42
43
44
45
46
47
48
49
50
;


set E:=
(5,12)
(12,7)
(7,8)
(8,1)
(1,9)
(9,19)
(19,5)
(9,1)
(5,19)
(10,11)
(11,15)
(15,2)
(2,17)
(17,3)
(3,13)
(13,10)
(15,11)
(11,10)
(18,4)
(4,16)
(16,14)
(14,20)
(20,6)
(6,18)
(4,18)
(18,6)
(24,31)
(31,21)
(21,34)
(34,30)
(30,28)
(28,23)
(23,24)
(24,23)
(28,30)
(33,27)
(27,32)
(32,26)
(26,25)
(25,22)
(22,29)
(29,33)
(27,33)
(25,26)
(35,35)
(43,49)
(49,39)
(39,41)
(41,46)
(46,38)
(38,37)
(37,43)
(49,43)
(38,46)
(45,42)
(42,47)
(47,44)
(44,50)
(50,40)
(40,36)
(36,45)
(44,47)
(50,44)
(48,48)
;

param b:=
[5,12] 1
[12,7] 1
[7,8] 1
[8,1] 1
[1,9] 8
[9,19] 1
[19,5] 10
[9,1] 7
[5,19] 9
[10,11] 5
[11,15] 6
[15,2] 1
[2,17] 1
[17,3] 1
[3,13] 1
[13,10] 1
[15,11] 8
[11,10] 9
[18,4] 10
[4,16] 1
[16,14] 1
[14,20] 1
[20,6] 1
[6,18] 6
[4,18] 7
[18,6] 8
[24,31] 1
[31,21] 1
[21,34] 1
[34,30] 1
[30,28] 5
[28,23] 1
[23,24] 7
[24,23] 10
[28,30] 8
[33,27] 9
[27,32] 1
[32,26] 1
[26,25] 10
[25,22] 1
[22,29] 1
[29,33] 1
[27,33] 9
[25,26] 5
[35,35] 6
[43,49] 6
[49,39] 1
[39,41] 1
[41,46] 1
[46,38] 7
[38,37] 1
[37,43] 1
[49,43] 9
[38,46] 5
[45,42] 1
[42,47] 1
[47,44] 7
[44,50] 10
[50,40] 1
[40,36] 1
[36,45] 1
[44,47] 5
[50,44] 7
[48,48] 10
;

param d:=
1	16
10	15
11	28
12	2
13	2
14	2
15	15
16	2
17	2
18	31
19	20
2	2
20	2
21	2
22	2
23	18
24	18
25	16
26	16
27	19
28	14
29	2
3	2
30	14
31	2
32	2
33	19
34	2
35	6
36	2
37	2
38	13
39	2
4	18
40	2
41	2
42	2
43	16
44	29
45	2
46	13
47	13
48	10
49	16
5	20
50	18
6	15
7	2
8	2
9	16
;


end;
