data;

param broj_grana:=64;
param N:=50;
param L1:=0.0040000;
param L2:=0.0010000;

set FC:=
f1
f2
f3
;

set V:=
1
2
3
4
5
6
7
8
9
10
11
12
13
14
15
16
17
18
19
20
21
22
23
24
25
26
27
28
29
30
31
32
33
34
35
36
37
38
39
40
41
42
43
44
45
46
47
48
49
50
;

set F[f1]:=
1
2
3
4
5
6
7
8
9
10
11
12
13
14
15
16
17
18
19
20
;

set F[f2]:=
21
22
23
24
25
26
27
28
29
30
31
32
33
34
35
;

set F[f3]:=
36
37
38
39
40
41
42
43
44
45
46
47
48
49
50
;


set E:=
(1,14)
(14,15)
(15,18)
(18,16)
(16,2)
(2,3)
(3,1)
(14,1)
(18,15)
(13,7)
(7,8)
(8,11)
(11,10)
(10,9)
(9,19)
(19,13)
(13,19)
(19,9)
(4,6)
(6,20)
(20,5)
(5,17)
(17,12)
(12,4)
(4,12)
(20,6)
(24,29)
(29,22)
(22,21)
(21,34)
(34,30)
(30,35)
(35,24)
(21,22)
(30,34)
(31,26)
(26,27)
(27,28)
(28,32)
(32,25)
(25,33)
(33,31)
(27,26)
(26,31)
(23,23)
(37,41)
(41,39)
(39,46)
(46,50)
(50,42)
(42,44)
(44,37)
(37,44)
(44,42)
(49,40)
(40,45)
(45,48)
(48,38)
(38,43)
(43,36)
(36,49)
(48,45)
(45,40)
(47,47)
;

param b:=
[1,14] 5
[14,15] 1
[15,18] 6
[18,16] 1
[16,2] 1
[2,3] 1
[3,1] 1
[14,1] 9
[18,15] 6
[13,7] 1
[7,8] 1
[8,11] 1
[11,10] 1
[10,9] 1
[9,19] 5
[19,13] 6
[13,19] 5
[19,9] 10
[4,6] 1
[6,20] 10
[20,5] 1
[5,17] 1
[17,12] 1
[12,4] 10
[4,12] 5
[20,6] 6
[24,29] 1
[29,22] 1
[22,21] 7
[21,34] 1
[34,30] 9
[30,35] 1
[35,24] 1
[21,22] 6
[30,34] 5
[31,26] 10
[26,27] 9
[27,28] 1
[28,32] 1
[32,25] 1
[25,33] 1
[33,31] 1
[27,26] 8
[26,31] 8
[23,23] 5
[37,41] 1
[41,39] 1
[39,46] 1
[46,50] 1
[50,42] 1
[42,44] 5
[44,37] 5
[37,44] 6
[44,42] 7
[49,40] 1
[40,45] 9
[45,48] 10
[48,38] 1
[38,43] 1
[43,36] 1
[36,49] 1
[48,45] 6
[45,40] 8
[47,47] 10
;

param d:=
1	15
10	2
11	2
12	16
13	12
14	15
15	13
16	2
17	2
18	13
19	26
2	2
20	17
21	14
22	14
23	5
24	2
25	2
26	35
27	18
28	2
29	2
3	2
30	15
31	19
32	2
33	2
34	15
35	2
36	2
37	12
38	2
39	2
4	16
40	18
41	2
42	13
43	2
44	23
45	33
46	2
47	10
48	17
49	2
5	2
50	2
6	17
7	2
8	2
9	16
;


end;
