data;

param broj_grana:=64;
param N:=50;
param L1:=0.0039063;
param L2:=0.0009766;

set FC:=
f1
f2
f3
;

set V:=
1
2
3
4
5
6
7
8
9
10
11
12
13
14
15
16
17
18
19
20
21
22
23
24
25
26
27
28
29
30
31
32
33
34
35
36
37
38
39
40
41
42
43
44
45
46
47
48
49
50
;

set F[f1]:=
1
2
3
4
5
6
7
8
9
10
11
12
13
14
15
16
17
18
19
20
;

set F[f2]:=
21
22
23
24
25
26
27
28
29
30
31
32
33
34
35
;

set F[f3]:=
36
37
38
39
40
41
42
43
44
45
46
47
48
49
50
;


set E:=
(20,7)
(7,1)
(1,8)
(8,5)
(5,13)
(13,15)
(15,20)
(20,15)
(1,7)
(16,18)
(18,10)
(10,6)
(6,11)
(11,9)
(9,12)
(12,16)
(11,6)
(6,10)
(17,4)
(4,14)
(14,3)
(3,2)
(2,19)
(19,17)
(4,17)
(19,2)
(23,21)
(21,28)
(28,22)
(22,29)
(29,26)
(26,27)
(27,23)
(26,29)
(29,22)
(33,25)
(25,24)
(24,32)
(32,35)
(35,34)
(34,30)
(30,33)
(25,33)
(33,30)
(31,31)
(48,43)
(43,44)
(44,40)
(40,39)
(39,46)
(46,38)
(38,48)
(44,43)
(43,48)
(42,37)
(37,49)
(49,41)
(41,47)
(47,45)
(45,36)
(36,42)
(45,47)
(47,41)
(50,50)
;

param b:=
[20,7] 1
[7,1] 5
[1,8] 1
[8,5] 1
[5,13] 1
[13,15] 1
[15,20] 5
[20,15] 6
[1,7] 10
[16,18] 1
[18,10] 1
[10,6] 8
[6,11] 6
[11,9] 1
[9,12] 1
[12,16] 1
[11,6] 5
[6,10] 8
[17,4] 7
[4,14] 1
[14,3] 1
[3,2] 1
[2,19] 8
[19,17] 1
[4,17] 10
[19,2] 7
[23,21] 1
[21,28] 1
[28,22] 1
[22,29] 10
[29,26] 5
[26,27] 1
[27,23] 1
[26,29] 5
[29,22] 7
[33,25] 6
[25,24] 1
[24,32] 1
[32,35] 1
[35,34] 1
[34,30] 1
[30,33] 8
[25,33] 8
[33,30] 10
[31,31] 9
[48,43] 5
[43,44] 8
[44,40] 1
[40,39] 1
[39,46] 1
[46,38] 1
[38,48] 1
[44,43] 7
[43,48] 7
[42,37] 1
[37,49] 1
[49,41] 1
[41,47] 10
[47,45] 10
[45,36] 1
[36,42] 1
[45,47] 6
[47,41] 6
[50,50] 10
;

param d:=
1	16
10	17
11	12
12	2
13	2
14	2
15	12
16	2
17	18
18	2
19	16
2	16
20	12
21	2
22	18
23	2
24	2
25	15
26	11
27	2
28	2
29	27
3	2
30	19
31	9
32	2
33	32
34	2
35	2
36	2
37	2
38	2
39	2
4	18
40	2
41	17
42	2
43	27
44	16
45	17
46	2
47	32
48	13
49	2
5	2
50	10
6	27
7	16
8	2
9	2
;


end;
