data;

param broj_grana:=64;
param N:=50;
param L1:=0.0039683;
param L2:=0.0009921;

set FC:=
f1
f2
f3
;

set V:=
1
2
3
4
5
6
7
8
9
10
11
12
13
14
15
16
17
18
19
20
21
22
23
24
25
26
27
28
29
30
31
32
33
34
35
36
37
38
39
40
41
42
43
44
45
46
47
48
49
50
;

set F[f1]:=
1
2
3
4
5
6
7
8
9
10
11
12
13
14
15
16
17
18
19
20
;

set F[f2]:=
21
22
23
24
25
26
27
28
29
30
31
32
33
34
35
;

set F[f3]:=
36
37
38
39
40
41
42
43
44
45
46
47
48
49
50
;


set E:=
(9,3)
(3,1)
(1,16)
(16,7)
(7,13)
(13,2)
(2,9)
(2,13)
(13,7)
(11,15)
(15,10)
(10,17)
(17,4)
(4,19)
(19,14)
(14,11)
(14,19)
(17,10)
(6,5)
(5,8)
(8,18)
(18,12)
(12,20)
(20,6)
(12,18)
(6,20)
(23,28)
(28,21)
(21,34)
(34,22)
(22,27)
(27,29)
(29,23)
(23,29)
(28,23)
(32,24)
(24,31)
(31,30)
(30,25)
(25,33)
(33,26)
(26,32)
(31,24)
(24,32)
(35,35)
(41,47)
(47,38)
(38,39)
(39,43)
(43,36)
(36,49)
(49,41)
(41,49)
(39,38)
(46,40)
(40,50)
(50,45)
(45,37)
(37,44)
(44,42)
(42,46)
(42,44)
(50,40)
(48,48)
;

param b:=
[9,3] 1
[3,1] 1
[1,16] 1
[16,7] 1
[7,13] 5
[13,2] 6
[2,9] 1
[2,13] 8
[13,7] 6
[11,15] 1
[15,10] 1
[10,17] 6
[17,4] 1
[4,19] 1
[19,14] 6
[14,11] 1
[14,19] 10
[17,10] 7
[6,5] 1
[5,8] 1
[8,18] 1
[18,12] 8
[12,20] 1
[20,6] 10
[12,18] 7
[6,20] 9
[23,28] 6
[28,21] 1
[21,34] 1
[34,22] 1
[22,27] 1
[27,29] 1
[29,23] 10
[23,29] 7
[28,23] 10
[32,24] 7
[24,31] 10
[31,30] 1
[30,25] 1
[25,33] 1
[33,26] 1
[26,32] 1
[31,24] 8
[24,32] 10
[35,35] 5
[41,47] 1
[47,38] 1
[38,39] 5
[39,43] 1
[43,36] 1
[36,49] 1
[49,41] 6
[41,49] 7
[39,38] 5
[46,40] 1
[40,50] 6
[50,45] 1
[45,37] 1
[37,44] 1
[44,42] 5
[42,46] 1
[42,44] 9
[50,40] 9
[48,48] 5
;

param d:=
1	2
10	14
11	2
12	16
13	25
14	17
15	2
16	2
17	14
18	16
19	17
2	15
20	20
21	2
22	2
23	33
24	35
25	2
26	2
27	2
28	17
29	18
3	2
30	2
31	19
32	18
33	2
34	2
35	5
36	2
37	2
38	11
39	11
4	2
40	16
41	14
42	15
43	2
44	15
45	2
46	2
47	2
48	5
49	14
5	2
50	16
6	20
7	12
8	2
9	2
;


end;
