data;

param broj_grana:=64;
param N:=50;
param L1:=0.0039841;
param L2:=0.0009960;

set FC:=
f1
f2
f3
;

set V:=
1
2
3
4
5
6
7
8
9
10
11
12
13
14
15
16
17
18
19
20
21
22
23
24
25
26
27
28
29
30
31
32
33
34
35
36
37
38
39
40
41
42
43
44
45
46
47
48
49
50
;

set F[f1]:=
1
2
3
4
5
6
7
8
9
10
11
12
13
14
15
16
17
18
19
20
;

set F[f2]:=
21
22
23
24
25
26
27
28
29
30
31
32
33
34
35
;

set F[f3]:=
36
37
38
39
40
41
42
43
44
45
46
47
48
49
50
;


set E:=
(19,14)
(14,20)
(20,17)
(17,13)
(13,9)
(9,3)
(3,19)
(9,13)
(13,17)
(5,1)
(1,7)
(7,2)
(2,12)
(12,6)
(6,11)
(11,5)
(1,5)
(6,12)
(8,18)
(18,15)
(15,16)
(16,4)
(4,10)
(10,8)
(4,16)
(8,10)
(30,27)
(27,34)
(34,22)
(22,32)
(32,26)
(26,31)
(31,30)
(31,26)
(34,27)
(21,29)
(29,35)
(35,28)
(28,33)
(33,24)
(24,23)
(23,21)
(29,21)
(33,28)
(25,25)
(48,40)
(40,37)
(37,38)
(38,47)
(47,46)
(46,50)
(50,48)
(46,47)
(37,40)
(36,45)
(45,41)
(41,49)
(49,39)
(39,42)
(42,44)
(44,36)
(45,36)
(41,45)
(43,43)
;

param b:=
[19,14] 1
[14,20] 1
[20,17] 1
[17,13] 10
[13,9] 5
[9,3] 1
[3,19] 1
[9,13] 10
[13,17] 5
[5,1] 6
[1,7] 1
[7,2] 1
[2,12] 1
[12,6] 5
[6,11] 1
[11,5] 1
[1,5] 10
[6,12] 9
[8,18] 1
[18,15] 1
[15,16] 1
[16,4] 5
[4,10] 1
[10,8] 6
[4,16] 7
[8,10] 9
[30,27] 1
[27,34] 10
[34,22] 1
[22,32] 1
[32,26] 1
[26,31] 5
[31,30] 1
[31,26] 8
[34,27] 5
[21,29] 5
[29,35] 1
[35,28] 1
[28,33] 6
[33,24] 1
[24,23] 1
[23,21] 1
[29,21] 5
[33,28] 7
[25,25] 6
[48,40] 1
[40,37] 8
[37,38] 1
[38,47] 1
[47,46] 10
[46,50] 1
[50,48] 1
[46,47] 6
[37,40] 9
[36,45] 10
[45,41] 10
[41,49] 1
[49,39] 1
[39,42] 1
[42,44] 1
[44,36] 1
[45,36] 8
[41,45] 5
[43,43] 7
;

param d:=
1	17
10	16
11	2
12	15
13	30
14	2
15	2
16	13
17	16
18	2
19	2
2	2
20	2
21	11
22	2
23	2
24	2
25	6
26	14
27	16
28	14
29	11
3	2
30	2
31	14
32	2
33	14
34	16
35	2
36	19
37	18
38	2
39	2
4	13
40	18
41	16
42	2
43	7
44	2
45	33
46	17
47	17
48	2
49	2
5	17
50	2
6	15
7	2
8	16
9	16
;


end;
