data;

param broj_grana:=64;
param N:=50;
param L1:=0.0037736;
param L2:=0.0009434;

set FC:=
f1
f2
f3
;

set V:=
1
2
3
4
5
6
7
8
9
10
11
12
13
14
15
16
17
18
19
20
21
22
23
24
25
26
27
28
29
30
31
32
33
34
35
36
37
38
39
40
41
42
43
44
45
46
47
48
49
50
;

set F[f1]:=
1
2
3
4
5
6
7
8
9
10
11
12
13
14
15
16
17
18
19
20
;

set F[f2]:=
21
22
23
24
25
26
27
28
29
30
31
32
33
34
35
;

set F[f3]:=
36
37
38
39
40
41
42
43
44
45
46
47
48
49
50
;


set E:=
(16,7)
(7,18)
(18,10)
(10,1)
(1,5)
(5,2)
(2,16)
(2,5)
(18,7)
(4,9)
(9,8)
(8,11)
(11,14)
(14,19)
(19,3)
(3,4)
(19,14)
(14,11)
(6,15)
(15,20)
(20,13)
(13,17)
(17,12)
(12,6)
(20,15)
(17,13)
(28,33)
(33,22)
(22,29)
(29,32)
(32,26)
(26,24)
(24,28)
(26,32)
(29,22)
(25,21)
(21,27)
(27,23)
(23,31)
(31,34)
(34,30)
(30,25)
(23,27)
(21,25)
(35,35)
(48,39)
(39,44)
(44,42)
(42,50)
(50,46)
(46,47)
(47,48)
(50,42)
(44,39)
(45,40)
(40,36)
(36,41)
(41,38)
(38,37)
(37,49)
(49,45)
(45,49)
(40,45)
(43,43)
;

param b:=
[16,7] 1
[7,18] 6
[18,10] 1
[10,1] 1
[1,5] 1
[5,2] 8
[2,16] 1
[2,5] 9
[18,7] 8
[4,9] 1
[9,8] 1
[8,11] 1
[11,14] 10
[14,19] 10
[19,3] 1
[3,4] 1
[19,14] 9
[14,11] 7
[6,15] 1
[15,20] 9
[20,13] 1
[13,17] 10
[17,12] 1
[12,6] 1
[20,15] 7
[17,13] 7
[28,33] 1
[33,22] 1
[22,29] 7
[29,32] 1
[32,26] 7
[26,24] 1
[24,28] 1
[26,32] 5
[29,22] 9
[25,21] 9
[21,27] 1
[27,23] 8
[23,31] 1
[31,34] 1
[34,30] 1
[30,25] 1
[23,27] 5
[21,25] 6
[35,35] 7
[48,39] 1
[39,44] 5
[44,42] 1
[42,50] 10
[50,46] 1
[46,47] 1
[47,48] 1
[50,42] 9
[44,39] 5
[45,40] 8
[40,36] 1
[36,41] 1
[41,38] 1
[38,37] 1
[37,49] 1
[49,45] 8
[45,49] 6
[40,45] 9
[43,43] 8
;

param d:=
1	2
10	2
11	18
12	2
13	18
14	36
15	17
16	2
17	18
18	15
19	20
2	18
20	17
21	16
22	17
23	14
24	2
25	16
26	13
27	14
28	2
29	17
3	2
30	2
31	2
32	13
33	2
34	2
35	7
36	2
37	2
38	2
39	11
4	2
40	18
41	2
42	20
43	8
44	11
45	31
46	2
47	2
48	2
49	15
5	18
50	20
6	2
7	15
8	2
9	2
;


end;
