data;

param broj_grana:=64;
param N:=50;
param L1:=0.0038314;
param L2:=0.0009579;

set FC:=
f1
f2
f3
;

set V:=
1
2
3
4
5
6
7
8
9
10
11
12
13
14
15
16
17
18
19
20
21
22
23
24
25
26
27
28
29
30
31
32
33
34
35
36
37
38
39
40
41
42
43
44
45
46
47
48
49
50
;

set F[f1]:=
1
2
3
4
5
6
7
8
9
10
11
12
13
14
15
16
17
18
19
20
;

set F[f2]:=
21
22
23
24
25
26
27
28
29
30
31
32
33
34
35
;

set F[f3]:=
36
37
38
39
40
41
42
43
44
45
46
47
48
49
50
;


set E:=
(9,4)
(4,15)
(15,5)
(5,17)
(17,7)
(7,3)
(3,9)
(17,5)
(7,17)
(1,19)
(19,8)
(8,20)
(20,6)
(6,10)
(10,2)
(2,1)
(8,19)
(20,8)
(12,14)
(14,18)
(18,11)
(11,13)
(13,16)
(16,12)
(18,14)
(14,12)
(21,23)
(23,33)
(33,25)
(25,35)
(35,32)
(32,26)
(26,21)
(21,26)
(32,35)
(28,24)
(24,29)
(29,27)
(27,31)
(31,22)
(22,30)
(30,28)
(28,30)
(30,22)
(34,34)
(41,37)
(37,36)
(36,50)
(50,40)
(40,47)
(47,42)
(42,41)
(42,47)
(41,42)
(38,43)
(43,48)
(48,45)
(45,44)
(44,46)
(46,39)
(39,38)
(44,45)
(38,39)
(49,49)
;

param b:=
[9,4] 1
[4,15] 1
[15,5] 1
[5,17] 5
[17,7] 5
[7,3] 1
[3,9] 1
[17,5] 6
[7,17] 5
[1,19] 1
[19,8] 6
[8,20] 7
[20,6] 1
[6,10] 1
[10,2] 1
[2,1] 1
[8,19] 7
[20,8] 9
[12,14] 8
[14,18] 8
[18,11] 1
[11,13] 1
[13,16] 1
[16,12] 1
[18,14] 9
[14,12] 5
[21,23] 1
[23,33] 1
[33,25] 1
[25,35] 1
[35,32] 8
[32,26] 1
[26,21] 10
[21,26] 5
[32,35] 10
[28,24] 1
[24,29] 1
[29,27] 1
[27,31] 1
[31,22] 1
[22,30] 9
[30,28] 7
[28,30] 10
[30,22] 9
[34,34] 7
[41,37] 1
[37,36] 1
[36,50] 1
[50,40] 1
[40,47] 1
[47,42] 6
[42,41] 6
[42,47] 7
[41,42] 10
[38,43] 1
[43,48] 1
[48,45] 1
[45,44] 8
[44,46] 1
[46,39] 1
[39,38] 9
[44,45] 10
[38,39] 9
[49,49] 7
;

param d:=
1	2
10	2
11	2
12	14
13	2
14	30
15	2
16	2
17	21
18	18
19	14
2	2
20	17
21	16
22	19
23	2
24	2
25	2
26	16
27	2
28	18
29	2
3	2
30	35
31	2
32	19
33	2
34	7
35	19
36	2
37	2
38	19
39	19
4	2
40	2
41	17
42	29
43	2
44	19
45	19
46	2
47	14
48	2
49	7
5	12
50	2
6	2
7	11
8	29
9	2
;


end;
