data;

param broj_grana:=64;
param N:=50;
param L1:=0.0039063;
param L2:=0.0009766;

set FC:=
f1
f2
f3
;

set V:=
1
2
3
4
5
6
7
8
9
10
11
12
13
14
15
16
17
18
19
20
21
22
23
24
25
26
27
28
29
30
31
32
33
34
35
36
37
38
39
40
41
42
43
44
45
46
47
48
49
50
;

set F[f1]:=
1
2
3
4
5
6
7
8
9
10
11
12
13
14
15
16
17
18
19
20
;

set F[f2]:=
21
22
23
24
25
26
27
28
29
30
31
32
33
34
35
;

set F[f3]:=
36
37
38
39
40
41
42
43
44
45
46
47
48
49
50
;


set E:=
(20,6)
(6,3)
(3,13)
(13,15)
(15,10)
(10,12)
(12,20)
(15,13)
(13,3)
(4,7)
(7,19)
(19,16)
(16,14)
(14,5)
(5,1)
(1,4)
(7,4)
(16,19)
(17,11)
(11,9)
(9,8)
(8,18)
(18,2)
(2,17)
(9,11)
(18,8)
(29,23)
(23,21)
(21,33)
(33,32)
(32,28)
(28,24)
(24,29)
(33,21)
(23,29)
(25,26)
(26,35)
(35,34)
(34,31)
(31,27)
(27,22)
(22,25)
(22,27)
(27,31)
(30,30)
(49,50)
(50,36)
(36,46)
(46,41)
(41,39)
(39,43)
(43,49)
(36,50)
(43,39)
(48,37)
(37,38)
(38,40)
(40,47)
(47,42)
(42,44)
(44,48)
(47,40)
(37,48)
(45,45)
;

param b:=
[20,6] 1
[6,3] 1
[3,13] 7
[13,15] 7
[15,10] 1
[10,12] 1
[12,20] 1
[15,13] 6
[13,3] 9
[4,7] 7
[7,19] 1
[19,16] 9
[16,14] 1
[14,5] 1
[5,1] 1
[1,4] 1
[7,4] 10
[16,19] 6
[17,11] 1
[11,9] 5
[9,8] 1
[8,18] 8
[18,2] 1
[2,17] 1
[9,11] 5
[18,8] 8
[29,23] 10
[23,21] 1
[21,33] 7
[33,32] 1
[32,28] 1
[28,24] 1
[24,29] 1
[33,21] 9
[23,29] 6
[25,26] 1
[26,35] 1
[35,34] 1
[34,31] 1
[31,27] 8
[27,22] 8
[22,25] 1
[22,27] 6
[27,31] 9
[30,30] 7
[49,50] 1
[50,36] 7
[36,46] 1
[46,41] 1
[41,39] 1
[39,43] 5
[43,49] 1
[36,50] 6
[43,39] 8
[48,37] 5
[37,38] 1
[38,40] 1
[40,47] 9
[47,42] 1
[42,44] 1
[44,48] 1
[47,40] 10
[37,48] 6
[45,45] 9
;

param d:=
1	2
10	2
11	11
12	2
13	29
14	2
15	14
16	16
17	2
18	17
19	16
2	2
20	2
21	17
22	15
23	17
24	2
25	2
26	2
27	31
28	2
29	17
3	17
30	7
31	18
32	2
33	17
34	2
35	2
36	14
37	12
38	2
39	14
4	18
40	20
41	2
42	2
43	14
44	2
45	9
46	2
47	20
48	12
49	2
5	2
50	14
6	2
7	18
8	17
9	11
;


end;
