data;

param broj_grana:=64;
param N:=50;
param L1:=0.0038168;
param L2:=0.0009542;

set FC:=
f1
f2
f3
;

set V:=
1
2
3
4
5
6
7
8
9
10
11
12
13
14
15
16
17
18
19
20
21
22
23
24
25
26
27
28
29
30
31
32
33
34
35
36
37
38
39
40
41
42
43
44
45
46
47
48
49
50
;

set F[f1]:=
1
2
3
4
5
6
7
8
9
10
11
12
13
14
15
16
17
18
19
20
;

set F[f2]:=
21
22
23
24
25
26
27
28
29
30
31
32
33
34
35
;

set F[f3]:=
36
37
38
39
40
41
42
43
44
45
46
47
48
49
50
;


set E:=
(20,18)
(18,11)
(11,15)
(15,19)
(19,9)
(9,7)
(7,20)
(7,9)
(15,11)
(1,6)
(6,13)
(13,10)
(10,8)
(8,4)
(4,16)
(16,1)
(13,6)
(4,8)
(5,14)
(14,2)
(2,12)
(12,3)
(3,17)
(17,5)
(12,2)
(3,12)
(34,30)
(30,35)
(35,21)
(21,33)
(33,29)
(29,27)
(27,34)
(21,35)
(34,27)
(28,32)
(32,22)
(22,24)
(24,25)
(25,31)
(31,23)
(23,28)
(28,23)
(31,25)
(26,26)
(47,38)
(38,50)
(50,49)
(49,39)
(39,46)
(46,41)
(41,47)
(49,50)
(39,49)
(36,44)
(44,45)
(45,37)
(37,43)
(43,48)
(48,42)
(42,36)
(44,36)
(37,45)
(40,40)
;

param b:=
[20,18] 1
[18,11] 1
[11,15] 10
[15,19] 1
[19,9] 1
[9,7] 8
[7,20] 1
[7,9] 8
[15,11] 6
[1,6] 1
[6,13] 9
[13,10] 1
[10,8] 1
[8,4] 7
[4,16] 1
[16,1] 1
[13,6] 6
[4,8] 7
[5,14] 1
[14,2] 1
[2,12] 8
[12,3] 7
[3,17] 1
[17,5] 1
[12,2] 10
[3,12] 7
[34,30] 1
[30,35] 1
[35,21] 6
[21,33] 1
[33,29] 1
[29,27] 1
[27,34] 8
[21,35] 6
[34,27] 9
[28,32] 1
[32,22] 1
[22,24] 1
[24,25] 1
[25,31] 10
[31,23] 1
[23,28] 7
[28,23] 7
[31,25] 5
[26,26] 9
[47,38] 1
[38,50] 1
[50,49] 9
[49,39] 5
[39,46] 1
[46,41] 1
[41,47] 1
[49,50] 7
[39,49] 8
[36,44] 10
[44,45] 1
[45,37] 5
[37,43] 1
[43,48] 1
[48,42] 1
[42,36] 1
[44,36] 9
[37,45] 9
[40,40] 6
;

param d:=
1	2
10	2
11	17
12	32
13	16
14	2
15	17
16	2
17	2
18	2
19	2
2	19
20	2
21	13
22	2
23	15
24	2
25	16
26	9
27	18
28	15
29	2
3	15
30	2
31	16
32	2
33	2
34	18
35	13
36	20
37	15
38	2
39	14
4	15
40	6
41	2
42	2
43	2
44	20
45	15
46	2
47	2
48	2
49	29
5	2
50	17
6	16
7	17
8	15
9	17
;


end;
