data;

param broj_grana:=64;
param N:=50;
param L1:=0.0038610;
param L2:=0.0009653;

set FC:=
f1
f2
f3
;

set V:=
1
2
3
4
5
6
7
8
9
10
11
12
13
14
15
16
17
18
19
20
21
22
23
24
25
26
27
28
29
30
31
32
33
34
35
36
37
38
39
40
41
42
43
44
45
46
47
48
49
50
;

set F[f1]:=
1
2
3
4
5
6
7
8
9
10
11
12
13
14
15
16
17
18
19
20
;

set F[f2]:=
21
22
23
24
25
26
27
28
29
30
31
32
33
34
35
;

set F[f3]:=
36
37
38
39
40
41
42
43
44
45
46
47
48
49
50
;


set E:=
(5,16)
(16,2)
(2,20)
(20,19)
(19,3)
(3,17)
(17,5)
(2,16)
(5,17)
(12,10)
(10,4)
(4,13)
(13,14)
(14,9)
(9,6)
(6,12)
(14,13)
(13,4)
(1,15)
(15,7)
(7,8)
(8,18)
(18,11)
(11,1)
(7,15)
(18,8)
(21,33)
(33,23)
(23,30)
(30,35)
(35,32)
(32,29)
(29,21)
(35,30)
(29,32)
(22,31)
(31,25)
(25,27)
(27,28)
(28,26)
(26,34)
(34,22)
(34,26)
(31,22)
(24,24)
(41,38)
(38,49)
(49,44)
(44,48)
(48,43)
(43,37)
(37,41)
(49,38)
(43,48)
(50,40)
(40,39)
(39,36)
(36,45)
(45,46)
(46,47)
(47,50)
(47,46)
(50,47)
(42,42)
;

param b:=
[5,16] 1
[16,2] 8
[2,20] 1
[20,19] 1
[19,3] 1
[3,17] 1
[17,5] 10
[2,16] 6
[5,17] 9
[12,10] 1
[10,4] 1
[4,13] 10
[13,14] 6
[14,9] 1
[9,6] 1
[6,12] 1
[14,13] 9
[13,4] 7
[1,15] 1
[15,7] 6
[7,8] 1
[8,18] 9
[18,11] 1
[11,1] 1
[7,15] 8
[18,8] 5
[21,33] 1
[33,23] 1
[23,30] 1
[30,35] 6
[35,32] 1
[32,29] 8
[29,21] 1
[35,30] 5
[29,32] 5
[22,31] 8
[31,25] 1
[25,27] 1
[27,28] 1
[28,26] 1
[26,34] 7
[34,22] 1
[34,26] 7
[31,22] 6
[24,24] 7
[41,38] 1
[38,49] 10
[49,44] 1
[44,48] 1
[48,43] 9
[43,37] 1
[37,41] 1
[49,38] 6
[43,48] 8
[50,40] 1
[40,39] 1
[39,36] 1
[36,45] 1
[45,46] 1
[46,47] 7
[47,50] 8
[47,46] 7
[50,47] 10
[42,42] 8
;

param d:=
1	2
10	2
11	2
12	2
13	32
14	16
15	15
16	15
17	20
18	15
19	2
2	15
20	2
21	2
22	15
23	2
24	7
25	2
26	15
27	2
28	2
29	14
3	2
30	12
31	15
32	14
33	2
34	15
35	12
36	2
37	2
38	17
39	2
4	18
40	2
41	2
42	8
43	18
44	2
45	2
46	15
47	32
48	18
49	17
5	20
50	19
6	2
7	15
8	15
9	2
;


end;
