data;

param broj_grana:=90;
param N:=70;
param L1:=0.0026810;
param L2:=0.0006702;

set FC:=
f1
f2
f3
;

set V:=
1
2
3
4
5
6
7
8
9
10
11
12
13
14
15
16
17
18
19
20
21
22
23
24
25
26
27
28
29
30
31
32
33
34
35
36
37
38
39
40
41
42
43
44
45
46
47
48
49
50
51
52
53
54
55
56
57
58
59
60
61
62
63
64
65
66
67
68
69
70
;

set F[f1]:=
1
2
3
4
5
6
7
8
9
10
11
12
13
14
15
16
17
18
19
20
21
22
23
24
25
26
27
28
;

set F[f2]:=
29
30
31
32
33
34
35
36
37
38
39
40
41
42
43
44
45
46
47
48
49
;

set F[f3]:=
50
51
52
53
54
55
56
57
58
59
60
61
62
63
64
65
66
67
68
69
70
;


set E:=
(14,22)
(22,20)
(20,24)
(24,27)
(27,17)
(17,3)
(3,14)
(22,14)
(24,20)
(26,6)
(6,4)
(4,2)
(2,13)
(13,10)
(10,9)
(9,26)
(26,9)
(13,2)
(8,12)
(12,5)
(5,21)
(21,16)
(16,15)
(15,1)
(1,8)
(16,21)
(8,1)
(28,19)
(19,7)
(7,23)
(23,18)
(18,11)
(11,25)
(25,28)
(19,28)
(25,11)
(35,31)
(31,43)
(43,47)
(47,33)
(33,30)
(30,40)
(40,35)
(33,47)
(43,31)
(48,49)
(49,46)
(46,36)
(36,37)
(37,39)
(39,44)
(44,48)
(36,46)
(46,49)
(41,45)
(45,34)
(34,29)
(29,38)
(38,42)
(42,32)
(32,41)
(42,38)
(45,41)
(67,51)
(51,66)
(66,70)
(70,64)
(64,61)
(61,50)
(50,67)
(61,64)
(50,61)
(60,68)
(68,69)
(69,52)
(52,59)
(59,57)
(57,53)
(53,60)
(52,69)
(69,68)
(55,56)
(56,63)
(63,58)
(58,65)
(65,62)
(62,54)
(54,55)
(56,55)
(62,65)
;

param b:=
[14,22] 7
[22,20] 1
[20,24] 6
[24,27] 1
[27,17] 1
[17,3] 1
[3,14] 1
[22,14] 8
[24,20] 7
[26,6] 1
[6,4] 1
[4,2] 1
[2,13] 6
[13,10] 1
[10,9] 1
[9,26] 10
[26,9] 8
[13,2] 5
[8,12] 1
[12,5] 1
[5,21] 1
[21,16] 7
[16,15] 1
[15,1] 1
[1,8] 9
[16,21] 10
[8,1] 8
[28,19] 10
[19,7] 1
[7,23] 1
[23,18] 1
[18,11] 1
[11,25] 7
[25,28] 1
[19,28] 5
[25,11] 8
[35,31] 1
[31,43] 10
[43,47] 1
[47,33] 5
[33,30] 1
[30,40] 1
[40,35] 1
[33,47] 8
[43,31] 10
[48,49] 1
[49,46] 10
[46,36] 10
[36,37] 1
[37,39] 1
[39,44] 1
[44,48] 1
[36,46] 7
[46,49] 10
[41,45] 6
[45,34] 1
[34,29] 1
[29,38] 1
[38,42] 6
[42,32] 1
[32,41] 1
[42,38] 9
[45,41] 10
[67,51] 1
[51,66] 1
[66,70] 1
[70,64] 1
[64,61] 7
[61,50] 8
[50,67] 1
[61,64] 8
[50,61] 8
[60,68] 1
[68,69] 8
[69,52] 9
[52,59] 1
[59,57] 1
[57,53] 1
[53,60] 1
[52,69] 10
[69,68] 6
[55,56] 8
[56,63] 1
[63,58] 1
[58,65] 1
[65,62] 10
[62,54] 1
[54,55] 1
[56,55] 10
[62,65] 9
;

param d:=
1	18
10	2
11	16
12	2
13	12
14	16
15	2
16	18
17	2
18	2
19	16
2	12
20	14
21	18
22	16
23	2
24	14
25	16
26	19
27	2
28	16
29	2
3	2
30	2
31	21
32	2
33	14
34	2
35	2
36	18
37	2
38	16
39	2
4	2
40	2
41	17
42	16
43	21
44	2
45	17
46	37
47	14
48	2
49	21
5	2
50	17
51	2
52	20
53	2
54	2
55	19
56	19
57	2
58	2
59	2
6	2
60	2
61	31
62	20
63	2
64	16
65	20
66	2
67	2
68	15
69	33
7	2
70	2
8	18
9	19
;


end;
