data;

param broj_grana:=90;
param N:=70;
param L1:=0.0029155;
param L2:=0.0007289;

set FC:=
f1
f2
f3
;

set V:=
1
2
3
4
5
6
7
8
9
10
11
12
13
14
15
16
17
18
19
20
21
22
23
24
25
26
27
28
29
30
31
32
33
34
35
36
37
38
39
40
41
42
43
44
45
46
47
48
49
50
51
52
53
54
55
56
57
58
59
60
61
62
63
64
65
66
67
68
69
70
;

set F[f1]:=
1
2
3
4
5
6
7
8
9
10
11
12
13
14
15
16
17
18
19
20
21
22
23
24
25
26
27
28
;

set F[f2]:=
29
30
31
32
33
34
35
36
37
38
39
40
41
42
43
44
45
46
47
48
49
;

set F[f3]:=
50
51
52
53
54
55
56
57
58
59
60
61
62
63
64
65
66
67
68
69
70
;


set E:=
(4,15)
(15,23)
(23,10)
(10,2)
(2,8)
(8,9)
(9,4)
(9,8)
(4,9)
(1,11)
(11,6)
(6,5)
(5,19)
(19,27)
(27,25)
(25,1)
(25,27)
(27,19)
(21,7)
(7,13)
(13,22)
(22,28)
(28,24)
(24,16)
(16,21)
(21,16)
(22,13)
(18,17)
(17,3)
(3,20)
(20,14)
(14,12)
(12,26)
(26,18)
(12,14)
(17,18)
(44,34)
(34,33)
(33,42)
(42,30)
(30,48)
(48,37)
(37,44)
(42,33)
(34,44)
(38,40)
(40,47)
(47,36)
(36,49)
(49,29)
(29,39)
(39,38)
(47,40)
(36,47)
(41,43)
(43,45)
(45,32)
(32,31)
(31,46)
(46,35)
(35,41)
(35,46)
(46,31)
(60,52)
(52,58)
(58,51)
(51,63)
(63,66)
(66,62)
(62,60)
(52,60)
(51,58)
(70,50)
(50,67)
(67,53)
(53,55)
(55,54)
(54,61)
(61,70)
(70,61)
(50,70)
(64,56)
(56,59)
(59,68)
(68,57)
(57,69)
(69,65)
(65,64)
(65,69)
(69,57)
;

param b:=
[4,15] 1
[15,23] 1
[23,10] 1
[10,2] 1
[2,8] 1
[8,9] 7
[9,4] 5
[9,8] 5
[4,9] 7
[1,11] 1
[11,6] 1
[6,5] 1
[5,19] 1
[19,27] 9
[27,25] 9
[25,1] 1
[25,27] 6
[27,19] 9
[21,7] 1
[7,13] 1
[13,22] 5
[22,28] 1
[28,24] 1
[24,16] 1
[16,21] 7
[21,16] 5
[22,13] 10
[18,17] 5
[17,3] 1
[3,20] 1
[20,14] 1
[14,12] 9
[12,26] 1
[26,18] 1
[12,14] 8
[17,18] 7
[44,34] 5
[34,33] 1
[33,42] 10
[42,30] 1
[30,48] 1
[48,37] 1
[37,44] 1
[42,33] 8
[34,44] 8
[38,40] 1
[40,47] 9
[47,36] 8
[36,49] 1
[49,29] 1
[29,39] 1
[39,38] 1
[47,40] 7
[36,47] 8
[41,43] 1
[43,45] 1
[45,32] 1
[32,31] 1
[31,46] 6
[46,35] 6
[35,41] 1
[35,46] 7
[46,31] 10
[60,52] 9
[52,58] 1
[58,51] 7
[51,63] 1
[63,66] 1
[66,62] 1
[62,60] 1
[52,60] 8
[51,58] 7
[70,50] 9
[50,67] 1
[67,53] 1
[53,55] 1
[55,54] 1
[54,61] 1
[61,70] 9
[70,61] 6
[50,70] 7
[64,56] 1
[56,59] 1
[59,68] 1
[68,57] 1
[57,69] 7
[69,65] 8
[65,64] 1
[65,69] 6
[69,57] 5
;

param d:=
1	2
10	2
11	2
12	18
13	16
14	18
15	2
16	13
17	13
18	13
19	19
2	2
20	2
21	13
22	16
23	2
24	2
25	16
26	2
27	33
28	2
29	2
3	2
30	2
31	17
32	2
33	19
34	14
35	14
36	17
37	2
38	2
39	2
4	13
40	17
41	2
42	19
43	2
44	14
45	2
46	29
47	32
48	2
49	2
5	2
50	17
51	15
52	18
53	2
54	2
55	2
56	2
57	13
58	15
59	2
6	2
60	18
61	16
62	2
63	2
64	2
65	15
66	2
67	2
68	2
69	26
7	2
70	31
8	13
9	24
;


end;
