data;

param broj_grana:=90;
param N:=70;
param L1:=0.0028490;
param L2:=0.0007123;

set FC:=
f1
f2
f3
;

set V:=
1
2
3
4
5
6
7
8
9
10
11
12
13
14
15
16
17
18
19
20
21
22
23
24
25
26
27
28
29
30
31
32
33
34
35
36
37
38
39
40
41
42
43
44
45
46
47
48
49
50
51
52
53
54
55
56
57
58
59
60
61
62
63
64
65
66
67
68
69
70
;

set F[f1]:=
1
2
3
4
5
6
7
8
9
10
11
12
13
14
15
16
17
18
19
20
21
22
23
24
25
26
27
28
;

set F[f2]:=
29
30
31
32
33
34
35
36
37
38
39
40
41
42
43
44
45
46
47
48
49
;

set F[f3]:=
50
51
52
53
54
55
56
57
58
59
60
61
62
63
64
65
66
67
68
69
70
;


set E:=
(23,1)
(1,10)
(10,9)
(9,14)
(14,16)
(16,4)
(4,23)
(1,23)
(9,10)
(13,26)
(26,24)
(24,7)
(7,5)
(5,6)
(6,12)
(12,13)
(5,7)
(7,24)
(11,18)
(18,20)
(20,19)
(19,25)
(25,28)
(28,21)
(21,11)
(18,11)
(25,19)
(3,17)
(17,15)
(15,8)
(8,27)
(27,22)
(22,2)
(2,3)
(15,17)
(17,3)
(33,45)
(45,39)
(39,32)
(32,36)
(36,30)
(30,43)
(43,33)
(45,33)
(32,39)
(41,40)
(40,42)
(42,37)
(37,46)
(46,44)
(44,49)
(49,41)
(49,44)
(40,41)
(47,29)
(29,34)
(34,31)
(31,38)
(38,48)
(48,35)
(35,47)
(35,48)
(38,31)
(60,61)
(61,56)
(56,64)
(64,51)
(51,69)
(69,58)
(58,60)
(51,64)
(56,61)
(59,50)
(50,55)
(55,62)
(62,65)
(65,67)
(67,66)
(66,59)
(65,62)
(67,65)
(53,52)
(52,68)
(68,57)
(57,54)
(54,70)
(70,63)
(63,53)
(70,54)
(52,53)
;

param b:=
[23,1] 7
[1,10] 1
[10,9] 7
[9,14] 1
[14,16] 1
[16,4] 1
[4,23] 1
[1,23] 7
[9,10] 5
[13,26] 1
[26,24] 1
[24,7] 6
[7,5] 8
[5,6] 1
[6,12] 1
[12,13] 1
[5,7] 8
[7,24] 8
[11,18] 7
[18,20] 1
[20,19] 1
[19,25] 10
[25,28] 1
[28,21] 1
[21,11] 1
[18,11] 7
[25,19] 8
[3,17] 7
[17,15] 9
[15,8] 1
[8,27] 1
[27,22] 1
[22,2] 1
[2,3] 1
[15,17] 9
[17,3] 5
[33,45] 6
[45,39] 1
[39,32] 7
[32,36] 1
[36,30] 1
[30,43] 1
[43,33] 1
[45,33] 6
[32,39] 10
[41,40] 6
[40,42] 1
[42,37] 1
[37,46] 1
[46,44] 1
[44,49] 8
[49,41] 1
[49,44] 5
[40,41] 6
[47,29] 1
[29,34] 1
[34,31] 1
[31,38] 9
[38,48] 1
[48,35] 10
[35,47] 1
[35,48] 7
[38,31] 10
[60,61] 1
[61,56] 5
[56,64] 1
[64,51] 10
[51,69] 1
[69,58] 1
[58,60] 1
[51,64] 10
[56,61] 10
[59,50] 1
[50,55] 1
[55,62] 1
[62,65] 9
[65,67] 5
[67,66] 1
[66,59] 1
[65,62] 5
[67,65] 10
[53,52] 6
[52,68] 1
[68,57] 1
[57,54] 1
[54,70] 9
[70,63] 1
[63,53] 1
[70,54] 7
[52,53] 7
;

param d:=
1	15
10	13
11	15
12	2
13	2
14	2
15	19
16	2
17	30
18	15
19	19
2	2
20	2
21	2
22	2
23	15
24	15
25	19
26	2
27	2
28	2
29	2
3	13
30	2
31	20
32	18
33	13
34	2
35	18
36	2
37	2
38	20
39	18
4	2
40	13
41	13
42	2
43	2
44	14
45	13
46	2
47	2
48	18
49	14
5	17
50	2
51	21
52	14
53	14
54	17
55	2
56	16
57	2
58	2
59	2
6	2
60	2
61	16
62	15
63	2
64	21
65	29
66	2
67	16
68	2
69	2
7	30
70	17
8	2
9	13
;


end;
