data;

param broj_grana:=90;
param N:=70;
param L1:=0.0029070;
param L2:=0.0007267;

set FC:=
f1
f2
f3
;

set V:=
1
2
3
4
5
6
7
8
9
10
11
12
13
14
15
16
17
18
19
20
21
22
23
24
25
26
27
28
29
30
31
32
33
34
35
36
37
38
39
40
41
42
43
44
45
46
47
48
49
50
51
52
53
54
55
56
57
58
59
60
61
62
63
64
65
66
67
68
69
70
;

set F[f1]:=
1
2
3
4
5
6
7
8
9
10
11
12
13
14
15
16
17
18
19
20
21
22
23
24
25
26
27
28
;

set F[f2]:=
29
30
31
32
33
34
35
36
37
38
39
40
41
42
43
44
45
46
47
48
49
;

set F[f3]:=
50
51
52
53
54
55
56
57
58
59
60
61
62
63
64
65
66
67
68
69
70
;


set E:=
(28,9)
(9,3)
(3,26)
(26,20)
(20,13)
(13,22)
(22,28)
(20,26)
(26,3)
(11,17)
(17,5)
(5,8)
(8,6)
(6,27)
(27,7)
(7,11)
(17,11)
(5,17)
(10,23)
(23,19)
(19,15)
(15,1)
(1,21)
(21,12)
(12,10)
(15,19)
(19,23)
(18,25)
(25,24)
(24,2)
(2,4)
(4,16)
(16,14)
(14,18)
(16,4)
(24,25)
(47,32)
(32,41)
(41,45)
(45,48)
(48,44)
(44,34)
(34,47)
(32,47)
(41,32)
(33,38)
(38,39)
(39,49)
(49,29)
(29,46)
(46,40)
(40,33)
(38,33)
(49,39)
(37,31)
(31,36)
(36,35)
(35,30)
(30,43)
(43,42)
(42,37)
(30,35)
(42,43)
(57,58)
(58,62)
(62,56)
(56,61)
(61,70)
(70,59)
(59,57)
(70,61)
(57,59)
(64,68)
(68,54)
(54,66)
(66,52)
(52,67)
(67,53)
(53,64)
(67,52)
(52,66)
(50,65)
(65,69)
(69,55)
(55,60)
(60,63)
(63,51)
(51,50)
(50,51)
(65,50)
;

param b:=
[28,9] 1
[9,3] 1
[3,26] 7
[26,20] 9
[20,13] 1
[13,22] 1
[22,28] 1
[20,26] 9
[26,3] 5
[11,17] 5
[17,5] 10
[5,8] 1
[8,6] 1
[6,27] 1
[27,7] 1
[7,11] 1
[17,11] 10
[5,17] 7
[10,23] 1
[23,19] 6
[19,15] 7
[15,1] 1
[1,21] 1
[21,12] 1
[12,10] 1
[15,19] 6
[19,23] 7
[18,25] 1
[25,24] 8
[24,2] 1
[2,4] 1
[4,16] 9
[16,14] 1
[14,18] 1
[16,4] 10
[24,25] 10
[47,32] 5
[32,41] 9
[41,45] 1
[45,48] 1
[48,44] 1
[44,34] 1
[34,47] 1
[32,47] 5
[41,32] 10
[33,38] 10
[38,39] 1
[39,49] 6
[49,29] 1
[29,46] 1
[46,40] 1
[40,33] 1
[38,33] 6
[49,39] 6
[37,31] 1
[31,36] 1
[36,35] 1
[35,30] 10
[30,43] 1
[43,42] 9
[42,37] 1
[30,35] 10
[42,43] 6
[57,58] 1
[58,62] 1
[62,56] 1
[56,61] 1
[61,70] 5
[70,59] 1
[59,57] 5
[70,61] 5
[57,59] 10
[64,68] 1
[68,54] 1
[54,66] 1
[66,52] 6
[52,67] 6
[67,53] 1
[53,64] 1
[67,52] 5
[52,66] 6
[50,65] 8
[65,69] 1
[69,55] 1
[55,60] 1
[60,63] 1
[63,51] 1
[51,50] 7
[50,51] 9
[65,50] 5
;

param d:=
1	2
10	2
11	16
12	2
13	2
14	2
15	14
16	20
17	32
18	2
19	26
2	2
20	19
21	2
22	2
23	14
24	19
25	19
26	30
27	2
28	2
29	2
3	13
30	21
31	2
32	29
33	17
34	2
35	21
36	2
37	2
38	17
39	13
4	20
40	2
41	20
42	16
43	16
44	2
45	2
46	2
47	11
48	2
49	13
5	18
50	29
51	17
52	23
53	2
54	2
55	2
56	2
57	16
58	2
59	16
6	2
60	2
61	11
62	2
63	2
64	2
65	14
66	13
67	12
68	2
69	2
7	2
70	11
8	2
9	2
;


end;
