data;

param broj_grana:=90;
param N:=70;
param L1:=0.0029851;
param L2:=0.0007463;

set FC:=
f1
f2
f3
;

set V:=
1
2
3
4
5
6
7
8
9
10
11
12
13
14
15
16
17
18
19
20
21
22
23
24
25
26
27
28
29
30
31
32
33
34
35
36
37
38
39
40
41
42
43
44
45
46
47
48
49
50
51
52
53
54
55
56
57
58
59
60
61
62
63
64
65
66
67
68
69
70
;

set F[f1]:=
1
2
3
4
5
6
7
8
9
10
11
12
13
14
15
16
17
18
19
20
21
22
23
24
25
26
27
28
;

set F[f2]:=
29
30
31
32
33
34
35
36
37
38
39
40
41
42
43
44
45
46
47
48
49
;

set F[f3]:=
50
51
52
53
54
55
56
57
58
59
60
61
62
63
64
65
66
67
68
69
70
;


set E:=
(10,7)
(7,24)
(24,3)
(3,18)
(18,12)
(12,27)
(27,10)
(7,10)
(10,27)
(14,15)
(15,13)
(13,8)
(8,20)
(20,2)
(2,6)
(6,14)
(2,20)
(8,13)
(11,4)
(4,26)
(26,1)
(1,9)
(9,21)
(21,16)
(16,11)
(21,9)
(9,1)
(25,23)
(23,28)
(28,17)
(17,5)
(5,22)
(22,19)
(19,25)
(28,23)
(23,25)
(42,34)
(34,48)
(48,37)
(37,32)
(32,36)
(36,49)
(49,42)
(34,42)
(32,37)
(46,44)
(44,39)
(39,41)
(41,47)
(47,29)
(29,38)
(38,46)
(41,39)
(46,38)
(35,40)
(40,31)
(31,33)
(33,43)
(43,45)
(45,30)
(30,35)
(43,33)
(35,30)
(67,59)
(59,51)
(51,70)
(70,68)
(68,60)
(60,56)
(56,67)
(59,67)
(51,59)
(57,69)
(69,64)
(64,54)
(54,65)
(65,55)
(55,62)
(62,57)
(64,69)
(65,54)
(61,66)
(66,58)
(58,53)
(53,63)
(63,52)
(52,50)
(50,61)
(66,61)
(53,58)
;

param b:=
[10,7] 8
[7,24] 1
[24,3] 1
[3,18] 1
[18,12] 1
[12,27] 1
[27,10] 6
[7,10] 9
[10,27] 5
[14,15] 1
[15,13] 1
[13,8] 5
[8,20] 1
[20,2] 9
[2,6] 1
[6,14] 1
[2,20] 7
[8,13] 6
[11,4] 1
[4,26] 1
[26,1] 1
[1,9] 7
[9,21] 9
[21,16] 1
[16,11] 1
[21,9] 6
[9,1] 6
[25,23] 5
[23,28] 9
[28,17] 1
[17,5] 1
[5,22] 1
[22,19] 1
[19,25] 1
[28,23] 8
[23,25] 7
[42,34] 6
[34,48] 1
[48,37] 1
[37,32] 7
[32,36] 1
[36,49] 1
[49,42] 1
[34,42] 9
[32,37] 8
[46,44] 1
[44,39] 1
[39,41] 5
[41,47] 1
[47,29] 1
[29,38] 1
[38,46] 5
[41,39] 9
[46,38] 5
[35,40] 1
[40,31] 1
[31,33] 1
[33,43] 10
[43,45] 1
[45,30] 1
[30,35] 6
[43,33] 7
[35,30] 5
[67,59] 10
[59,51] 6
[51,70] 1
[70,68] 1
[68,60] 1
[60,56] 1
[56,67] 1
[59,67] 8
[51,59] 7
[57,69] 1
[69,64] 8
[64,54] 1
[54,65] 8
[65,55] 1
[55,62] 1
[62,57] 1
[64,69] 9
[65,54] 8
[61,66] 6
[66,58] 1
[58,53] 6
[53,63] 1
[63,52] 1
[52,50] 1
[50,61] 1
[66,61] 7
[53,58] 8
;

param d:=
1	14
10	28
11	2
12	2
13	12
14	2
15	2
16	2
17	2
18	2
19	2
2	17
20	17
21	16
22	2
23	29
24	2
25	13
26	2
27	12
28	18
29	2
3	2
30	12
31	2
32	16
33	18
34	16
35	12
36	2
37	16
38	11
39	15
4	2
40	2
41	15
42	16
43	18
44	2
45	2
46	11
47	2
48	2
49	2
5	2
50	2
51	14
52	2
53	15
54	17
55	2
56	2
57	2
58	15
59	31
6	2
60	2
61	14
62	2
63	2
64	18
65	17
66	14
67	19
68	2
69	18
7	18
70	2
8	12
9	28
;


end;
