data;

param broj_grana:=90;
param N:=70;
param L1:=0.0028653;
param L2:=0.0007163;

set FC:=
f1
f2
f3
;

set V:=
1
2
3
4
5
6
7
8
9
10
11
12
13
14
15
16
17
18
19
20
21
22
23
24
25
26
27
28
29
30
31
32
33
34
35
36
37
38
39
40
41
42
43
44
45
46
47
48
49
50
51
52
53
54
55
56
57
58
59
60
61
62
63
64
65
66
67
68
69
70
;

set F[f1]:=
1
2
3
4
5
6
7
8
9
10
11
12
13
14
15
16
17
18
19
20
21
22
23
24
25
26
27
28
;

set F[f2]:=
29
30
31
32
33
34
35
36
37
38
39
40
41
42
43
44
45
46
47
48
49
;

set F[f3]:=
50
51
52
53
54
55
56
57
58
59
60
61
62
63
64
65
66
67
68
69
70
;


set E:=
(28,19)
(19,24)
(24,7)
(7,4)
(4,16)
(16,15)
(15,28)
(24,19)
(4,7)
(25,3)
(3,9)
(9,1)
(1,22)
(22,2)
(2,27)
(27,25)
(9,3)
(3,25)
(18,14)
(14,12)
(12,26)
(26,6)
(6,13)
(13,8)
(8,18)
(18,8)
(26,12)
(17,20)
(20,21)
(21,11)
(11,5)
(5,23)
(23,10)
(10,17)
(21,20)
(10,23)
(32,46)
(46,30)
(30,42)
(42,33)
(33,31)
(31,36)
(36,32)
(46,32)
(31,33)
(34,43)
(43,37)
(37,45)
(45,40)
(40,44)
(44,29)
(29,34)
(34,29)
(29,44)
(35,48)
(48,39)
(39,41)
(41,38)
(38,47)
(47,49)
(49,35)
(39,48)
(41,39)
(61,56)
(56,66)
(66,50)
(50,67)
(67,69)
(69,64)
(64,61)
(64,69)
(50,66)
(57,55)
(55,63)
(63,54)
(54,60)
(60,52)
(52,51)
(51,57)
(57,51)
(55,57)
(62,65)
(65,70)
(70,58)
(58,53)
(53,68)
(68,59)
(59,62)
(53,58)
(58,70)
;

param b:=
[28,19] 1
[19,24] 6
[24,7] 1
[7,4] 8
[4,16] 1
[16,15] 1
[15,28] 1
[24,19] 5
[4,7] 7
[25,3] 6
[3,9] 7
[9,1] 1
[1,22] 1
[22,2] 1
[2,27] 1
[27,25] 1
[9,3] 5
[3,25] 9
[18,14] 1
[14,12] 1
[12,26] 5
[26,6] 1
[6,13] 1
[13,8] 1
[8,18] 10
[18,8] 8
[26,12] 10
[17,20] 1
[20,21] 8
[21,11] 1
[11,5] 1
[5,23] 1
[23,10] 7
[10,17] 1
[21,20] 7
[10,23] 8
[32,46] 6
[46,30] 1
[30,42] 1
[42,33] 1
[33,31] 9
[31,36] 1
[36,32] 1
[46,32] 10
[31,33] 5
[34,43] 1
[43,37] 1
[37,45] 1
[45,40] 1
[40,44] 1
[44,29] 10
[29,34] 10
[34,29] 5
[29,44] 5
[35,48] 1
[48,39] 5
[39,41] 7
[41,38] 1
[38,47] 1
[47,49] 1
[49,35] 1
[39,48] 9
[41,39] 10
[61,56] 1
[56,66] 1
[66,50] 6
[50,67] 1
[67,69] 1
[69,64] 5
[64,61] 1
[64,69] 8
[50,66] 7
[57,55] 8
[55,63] 1
[63,54] 1
[54,60] 1
[60,52] 1
[52,51] 1
[51,57] 9
[57,51] 5
[55,57] 10
[62,65] 1
[65,70] 1
[70,58] 9
[58,53] 10
[53,68] 1
[68,59] 1
[59,62] 1
[53,58] 6
[58,70] 9
;

param d:=
1	2
10	16
11	2
12	16
13	2
14	2
15	2
16	2
17	2
18	19
19	12
2	2
20	16
21	16
22	2
23	16
24	12
25	16
26	16
27	2
28	2
29	30
3	27
30	2
31	15
32	17
33	15
34	16
35	2
36	2
37	2
38	2
39	31
4	16
40	2
41	18
42	2
43	2
44	16
45	2
46	17
47	2
48	15
49	2
5	2
50	14
51	15
52	2
53	17
54	2
55	19
56	2
57	32
58	34
59	2
6	2
60	2
61	2
62	2
63	2
64	14
65	2
66	14
67	2
68	2
69	14
7	16
70	19
8	19
9	13
;


end;
