data;

param broj_grana:=90;
param N:=70;
param L1:=0.0029674;
param L2:=0.0007418;

set FC:=
f1
f2
f3
;

set V:=
1
2
3
4
5
6
7
8
9
10
11
12
13
14
15
16
17
18
19
20
21
22
23
24
25
26
27
28
29
30
31
32
33
34
35
36
37
38
39
40
41
42
43
44
45
46
47
48
49
50
51
52
53
54
55
56
57
58
59
60
61
62
63
64
65
66
67
68
69
70
;

set F[f1]:=
1
2
3
4
5
6
7
8
9
10
11
12
13
14
15
16
17
18
19
20
21
22
23
24
25
26
27
28
;

set F[f2]:=
29
30
31
32
33
34
35
36
37
38
39
40
41
42
43
44
45
46
47
48
49
;

set F[f3]:=
50
51
52
53
54
55
56
57
58
59
60
61
62
63
64
65
66
67
68
69
70
;


set E:=
(9,7)
(7,15)
(15,16)
(16,11)
(11,19)
(19,26)
(26,9)
(15,7)
(16,15)
(14,4)
(4,25)
(25,22)
(22,18)
(18,28)
(28,3)
(3,14)
(4,14)
(14,3)
(8,6)
(6,1)
(1,5)
(5,2)
(2,12)
(12,27)
(27,8)
(2,5)
(6,8)
(17,21)
(21,20)
(20,24)
(24,13)
(13,23)
(23,10)
(10,17)
(21,17)
(17,10)
(31,30)
(30,44)
(44,41)
(41,32)
(32,43)
(43,47)
(47,31)
(41,44)
(32,41)
(36,45)
(45,42)
(42,39)
(39,35)
(35,29)
(29,49)
(49,36)
(45,36)
(35,39)
(40,48)
(48,37)
(37,38)
(38,33)
(33,34)
(34,46)
(46,40)
(38,37)
(46,34)
(59,67)
(67,62)
(62,69)
(69,68)
(68,52)
(52,61)
(61,59)
(68,69)
(61,52)
(63,56)
(56,65)
(65,53)
(53,58)
(58,51)
(51,66)
(66,63)
(63,66)
(58,53)
(50,57)
(57,60)
(60,70)
(70,55)
(55,54)
(54,64)
(64,50)
(64,54)
(57,50)
;

param b:=
[9,7] 1
[7,15] 9
[15,16] 10
[16,11] 1
[11,19] 1
[19,26] 1
[26,9] 1
[15,7] 5
[16,15] 7
[14,4] 10
[4,25] 1
[25,22] 1
[22,18] 1
[18,28] 1
[28,3] 1
[3,14] 9
[4,14] 7
[14,3] 10
[8,6] 6
[6,1] 1
[1,5] 1
[5,2] 6
[2,12] 1
[12,27] 1
[27,8] 1
[2,5] 6
[6,8] 5
[17,21] 8
[21,20] 1
[20,24] 1
[24,13] 1
[13,23] 1
[23,10] 1
[10,17] 7
[21,17] 7
[17,10] 8
[31,30] 1
[30,44] 1
[44,41] 8
[41,32] 9
[32,43] 1
[43,47] 1
[47,31] 1
[41,44] 6
[32,41] 8
[36,45] 7
[45,42] 1
[42,39] 1
[39,35] 5
[35,29] 1
[29,49] 1
[49,36] 1
[45,36] 6
[35,39] 7
[40,48] 1
[48,37] 1
[37,38] 8
[38,33] 1
[33,34] 1
[34,46] 6
[46,40] 1
[38,37] 6
[46,34] 5
[59,67] 1
[67,62] 1
[62,69] 1
[69,68] 6
[68,52] 1
[52,61] 5
[61,59] 1
[68,69] 7
[61,52] 6
[63,56] 1
[56,65] 1
[65,53] 1
[53,58] 6
[58,51] 1
[51,66] 1
[66,63] 8
[63,66] 9
[58,53] 7
[50,57] 6
[57,60] 1
[60,70] 1
[70,55] 1
[55,54] 1
[54,64] 9
[64,50] 1
[64,54] 8
[57,50] 9
;

param d:=
1	2
10	16
11	2
12	2
13	2
14	36
15	31
16	18
17	30
18	2
19	2
2	13
20	2
21	16
22	2
23	2
24	2
25	2
26	2
27	2
28	2
29	2
3	20
30	2
31	2
32	18
33	2
34	12
35	13
36	14
37	15
38	15
39	13
4	18
40	2
41	31
42	2
43	2
44	15
45	14
46	12
47	2
48	2
49	2
5	13
50	16
51	2
52	12
53	14
54	18
55	2
56	2
57	16
58	14
59	2
6	12
60	2
61	12
62	2
63	18
64	18
65	2
66	18
67	2
68	14
69	14
7	15
70	2
8	12
9	2
;


end;
