data;

param broj_grana:=90;
param N:=70;
param L1:=0.0028490;
param L2:=0.0007123;

set FC:=
f1
f2
f3
;

set V:=
1
2
3
4
5
6
7
8
9
10
11
12
13
14
15
16
17
18
19
20
21
22
23
24
25
26
27
28
29
30
31
32
33
34
35
36
37
38
39
40
41
42
43
44
45
46
47
48
49
50
51
52
53
54
55
56
57
58
59
60
61
62
63
64
65
66
67
68
69
70
;

set F[f1]:=
1
2
3
4
5
6
7
8
9
10
11
12
13
14
15
16
17
18
19
20
21
22
23
24
25
26
27
28
;

set F[f2]:=
29
30
31
32
33
34
35
36
37
38
39
40
41
42
43
44
45
46
47
48
49
;

set F[f3]:=
50
51
52
53
54
55
56
57
58
59
60
61
62
63
64
65
66
67
68
69
70
;


set E:=
(27,21)
(21,14)
(14,28)
(28,6)
(6,13)
(13,23)
(23,27)
(21,27)
(6,28)
(15,18)
(18,3)
(3,2)
(2,5)
(5,17)
(17,20)
(20,15)
(3,18)
(18,15)
(8,11)
(11,7)
(7,4)
(4,24)
(24,26)
(26,22)
(22,8)
(11,8)
(4,7)
(25,19)
(19,12)
(12,16)
(16,9)
(9,1)
(1,10)
(10,25)
(19,25)
(12,19)
(43,46)
(46,47)
(47,35)
(35,42)
(42,41)
(41,45)
(45,43)
(47,46)
(41,42)
(32,39)
(39,36)
(36,38)
(38,44)
(44,37)
(37,30)
(30,32)
(30,37)
(38,36)
(33,29)
(29,49)
(49,40)
(40,31)
(31,34)
(34,48)
(48,33)
(33,48)
(48,34)
(65,70)
(70,50)
(50,56)
(56,55)
(55,58)
(58,51)
(51,65)
(65,51)
(56,50)
(64,57)
(57,61)
(61,68)
(68,66)
(66,63)
(63,62)
(62,64)
(63,66)
(64,62)
(67,69)
(69,54)
(54,59)
(59,53)
(53,52)
(52,60)
(60,67)
(67,60)
(69,67)
;

param b:=
[27,21] 9
[21,14] 1
[14,28] 1
[28,6] 5
[6,13] 1
[13,23] 1
[23,27] 1
[21,27] 7
[6,28] 10
[15,18] 5
[18,3] 6
[3,2] 1
[2,5] 1
[5,17] 1
[17,20] 1
[20,15] 1
[3,18] 9
[18,15] 8
[8,11] 6
[11,7] 1
[7,4] 6
[4,24] 1
[24,26] 1
[26,22] 1
[22,8] 1
[11,8] 6
[4,7] 9
[25,19] 9
[19,12] 6
[12,16] 1
[16,9] 1
[9,1] 1
[1,10] 1
[10,25] 1
[19,25] 10
[12,19] 6
[43,46] 1
[46,47] 7
[47,35] 1
[35,42] 1
[42,41] 8
[41,45] 1
[45,43] 1
[47,46] 5
[41,42] 7
[32,39] 1
[39,36] 1
[36,38] 10
[38,44] 1
[44,37] 1
[37,30] 8
[30,32] 1
[30,37] 9
[38,36] 7
[33,29] 1
[29,49] 1
[49,40] 1
[40,31] 1
[31,34] 1
[34,48] 9
[48,33] 7
[33,48] 10
[48,34] 5
[65,70] 1
[70,50] 1
[50,56] 6
[56,55] 1
[55,58] 1
[58,51] 1
[51,65] 7
[65,51] 5
[56,50] 10
[64,57] 1
[57,61] 1
[61,68] 1
[68,66] 1
[66,63] 10
[63,62] 1
[62,64] 7
[63,66] 9
[64,62] 5
[67,69] 8
[69,54] 1
[54,59] 1
[59,53] 1
[53,52] 1
[52,60] 1
[60,67] 10
[67,60] 9
[69,67] 6
;

param d:=
1	2
10	2
11	13
12	13
13	2
14	2
15	14
16	2
17	2
18	28
19	31
2	2
20	2
21	17
22	2
23	2
24	2
25	20
26	2
27	17
28	16
29	2
3	16
30	18
31	2
32	2
33	18
34	15
35	2
36	18
37	18
38	18
39	2
4	16
40	2
41	16
42	16
43	2
44	2
45	2
46	13
47	13
48	31
49	2
5	2
50	17
51	13
52	2
53	2
54	2
55	2
56	17
57	2
58	2
59	2
6	16
60	20
61	2
62	13
63	20
64	13
65	13
66	20
67	33
68	2
69	15
7	16
70	2
8	13
9	2
;


end;
