data;

param broj_grana:=90;
param N:=70;
param L1:=0.0027701;
param L2:=0.0006925;

set FC:=
f1
f2
f3
;

set V:=
1
2
3
4
5
6
7
8
9
10
11
12
13
14
15
16
17
18
19
20
21
22
23
24
25
26
27
28
29
30
31
32
33
34
35
36
37
38
39
40
41
42
43
44
45
46
47
48
49
50
51
52
53
54
55
56
57
58
59
60
61
62
63
64
65
66
67
68
69
70
;

set F[f1]:=
1
2
3
4
5
6
7
8
9
10
11
12
13
14
15
16
17
18
19
20
21
22
23
24
25
26
27
28
;

set F[f2]:=
29
30
31
32
33
34
35
36
37
38
39
40
41
42
43
44
45
46
47
48
49
;

set F[f3]:=
50
51
52
53
54
55
56
57
58
59
60
61
62
63
64
65
66
67
68
69
70
;


set E:=
(16,18)
(18,20)
(20,8)
(8,22)
(22,7)
(7,1)
(1,16)
(7,22)
(22,8)
(12,9)
(9,25)
(25,15)
(15,19)
(19,4)
(4,14)
(14,12)
(12,14)
(14,4)
(6,5)
(5,21)
(21,23)
(23,17)
(17,28)
(28,3)
(3,6)
(23,21)
(21,5)
(24,26)
(26,10)
(10,27)
(27,13)
(13,2)
(2,11)
(11,24)
(27,10)
(11,2)
(30,46)
(46,47)
(47,45)
(45,36)
(36,40)
(40,37)
(37,30)
(46,30)
(36,45)
(31,38)
(38,34)
(34,42)
(42,48)
(48,41)
(41,32)
(32,31)
(38,31)
(32,41)
(33,29)
(29,43)
(43,49)
(49,44)
(44,35)
(35,39)
(39,33)
(33,39)
(29,33)
(59,57)
(57,55)
(55,70)
(70,51)
(51,64)
(64,69)
(69,59)
(57,59)
(70,55)
(50,62)
(62,56)
(56,63)
(63,52)
(52,58)
(58,54)
(54,50)
(54,58)
(52,63)
(60,53)
(53,66)
(66,67)
(67,68)
(68,61)
(61,65)
(65,60)
(60,65)
(53,60)
;

param b:=
[16,18] 1
[18,20] 1
[20,8] 1
[8,22] 9
[22,7] 8
[7,1] 1
[1,16] 1
[7,22] 8
[22,8] 9
[12,9] 1
[9,25] 1
[25,15] 1
[15,19] 1
[19,4] 1
[4,14] 5
[14,12] 6
[12,14] 9
[14,4] 9
[6,5] 1
[5,21] 6
[21,23] 10
[23,17] 1
[17,28] 1
[28,3] 1
[3,6] 1
[23,21] 10
[21,5] 7
[24,26] 1
[26,10] 1
[10,27] 5
[27,13] 1
[13,2] 1
[2,11] 8
[11,24] 1
[27,10] 10
[11,2] 10
[30,46] 6
[46,47] 1
[47,45] 1
[45,36] 7
[36,40] 1
[40,37] 1
[37,30] 1
[46,30] 9
[36,45] 5
[31,38] 9
[38,34] 1
[34,42] 1
[42,48] 1
[48,41] 1
[41,32] 10
[32,31] 1
[38,31] 6
[32,41] 6
[33,29] 7
[29,43] 1
[43,49] 1
[49,44] 1
[44,35] 1
[35,39] 1
[39,33] 10
[33,39] 9
[29,33] 9
[59,57] 5
[57,55] 1
[55,70] 9
[70,51] 1
[51,64] 1
[64,69] 1
[69,59] 1
[57,59] 8
[70,55] 5
[50,62] 1
[62,56] 1
[56,63] 1
[63,52] 7
[52,58] 1
[58,54] 5
[54,50] 1
[54,58] 10
[52,63] 9
[60,53] 6
[53,66] 1
[66,67] 1
[67,68] 1
[68,61] 1
[61,65] 1
[65,60] 8
[60,65] 7
[53,60] 10
;

param d:=
1	2
10	16
11	19
12	16
13	2
14	29
15	2
16	2
17	2
18	2
19	2
2	19
20	2
21	33
22	34
23	21
24	2
25	2
26	2
27	16
28	2
29	17
3	2
30	16
31	16
32	17
33	35
34	2
35	2
36	13
37	2
38	16
39	20
4	15
40	2
41	17
42	2
43	2
44	2
45	13
46	16
47	2
48	2
49	2
5	14
50	2
51	2
52	17
53	17
54	16
55	15
56	2
57	14
58	16
59	14
6	2
60	31
61	2
62	2
63	17
64	2
65	16
66	2
67	2
68	2
69	2
7	17
70	15
8	19
9	2
;


end;
