data;

param broj_grana:=90;
param N:=70;
param L1:=0.0027855;
param L2:=0.0006964;

set FC:=
f1
f2
f3
;

set V:=
1
2
3
4
5
6
7
8
9
10
11
12
13
14
15
16
17
18
19
20
21
22
23
24
25
26
27
28
29
30
31
32
33
34
35
36
37
38
39
40
41
42
43
44
45
46
47
48
49
50
51
52
53
54
55
56
57
58
59
60
61
62
63
64
65
66
67
68
69
70
;

set F[f1]:=
1
2
3
4
5
6
7
8
9
10
11
12
13
14
15
16
17
18
19
20
21
22
23
24
25
26
27
28
;

set F[f2]:=
29
30
31
32
33
34
35
36
37
38
39
40
41
42
43
44
45
46
47
48
49
;

set F[f3]:=
50
51
52
53
54
55
56
57
58
59
60
61
62
63
64
65
66
67
68
69
70
;


set E:=
(16,17)
(17,8)
(8,5)
(5,22)
(22,12)
(12,11)
(11,16)
(5,8)
(12,22)
(25,18)
(18,4)
(4,19)
(19,27)
(27,14)
(14,9)
(9,25)
(19,4)
(27,19)
(20,23)
(23,3)
(3,1)
(1,21)
(21,2)
(2,24)
(24,20)
(3,23)
(20,24)
(15,26)
(26,28)
(28,13)
(13,7)
(7,10)
(10,6)
(6,15)
(26,15)
(10,7)
(42,47)
(47,46)
(46,45)
(45,48)
(48,30)
(30,33)
(33,42)
(48,45)
(46,47)
(38,39)
(39,43)
(43,44)
(44,29)
(29,35)
(35,49)
(49,38)
(38,49)
(39,38)
(32,37)
(37,41)
(41,34)
(34,40)
(40,31)
(31,36)
(36,32)
(41,37)
(31,40)
(69,62)
(62,57)
(57,66)
(66,64)
(64,51)
(51,70)
(70,69)
(70,51)
(62,69)
(50,52)
(52,65)
(65,63)
(63,55)
(55,68)
(68,53)
(53,50)
(50,53)
(52,50)
(60,59)
(59,67)
(67,61)
(61,58)
(58,54)
(54,56)
(56,60)
(67,59)
(56,54)
;

param b:=
[16,17] 1
[17,8] 1
[8,5] 6
[5,22] 1
[22,12] 9
[12,11] 1
[11,16] 1
[5,8] 9
[12,22] 6
[25,18] 1
[18,4] 1
[4,19] 8
[19,27] 6
[27,14] 1
[14,9] 1
[9,25] 1
[19,4] 10
[27,19] 7
[20,23] 1
[23,3] 8
[3,1] 1
[1,21] 1
[21,2] 1
[2,24] 1
[24,20] 10
[3,23] 6
[20,24] 10
[15,26] 10
[26,28] 1
[28,13] 1
[13,7] 1
[7,10] 5
[10,6] 1
[6,15] 1
[26,15] 9
[10,7] 10
[42,47] 1
[47,46] 9
[46,45] 1
[45,48] 5
[48,30] 1
[30,33] 1
[33,42] 1
[48,45] 8
[46,47] 9
[38,39] 6
[39,43] 1
[43,44] 1
[44,29] 1
[29,35] 1
[35,49] 1
[49,38] 8
[38,49] 5
[39,38] 9
[32,37] 1
[37,41] 8
[41,34] 1
[34,40] 1
[40,31] 8
[31,36] 1
[36,32] 1
[41,37] 5
[31,40] 9
[69,62] 10
[62,57] 1
[57,66] 1
[66,64] 1
[64,51] 1
[51,70] 5
[70,69] 1
[70,51] 7
[62,69] 8
[50,52] 6
[52,65] 1
[65,63] 1
[63,55] 1
[55,68] 1
[68,53] 1
[53,50] 7
[50,53] 5
[52,50] 10
[60,59] 1
[59,67] 9
[67,61] 1
[61,58] 1
[58,54] 1
[54,56] 7
[56,60] 1
[67,59] 10
[56,54] 7
;

param d:=
1	2
10	16
11	2
12	16
13	2
14	2
15	20
16	2
17	2
18	2
19	31
2	2
20	21
21	2
22	16
23	15
24	21
25	2
26	20
27	14
28	2
29	2
3	15
30	2
31	18
32	2
33	2
34	2
35	2
36	2
37	14
38	28
39	16
4	19
40	18
41	14
42	2
43	2
44	2
45	14
46	19
47	19
48	14
49	14
5	16
50	28
51	13
52	17
53	13
54	15
55	2
56	15
57	2
58	2
59	20
6	2
60	2
61	2
62	19
63	2
64	2
65	2
66	2
67	20
68	2
69	19
7	16
70	13
8	16
9	2
;


end;
