data;

param broj_grana:=128;
param N:=100;
param L1:=0.0019608;
param L2:=0.0004902;

set FC:=
f1
f2
f3
;

set V:=
1
2
3
4
5
6
7
8
9
10
11
12
13
14
15
16
17
18
19
20
21
22
23
24
25
26
27
28
29
30
31
32
33
34
35
36
37
38
39
40
41
42
43
44
45
46
47
48
49
50
51
52
53
54
55
56
57
58
59
60
61
62
63
64
65
66
67
68
69
70
71
72
73
74
75
76
77
78
79
80
81
82
83
84
85
86
87
88
89
90
91
92
93
94
95
96
97
98
99
100
;

set F[f1]:=
1
2
3
4
5
6
7
8
9
10
11
12
13
14
15
16
17
18
19
20
21
22
23
24
25
26
27
28
29
30
31
32
33
34
35
36
37
38
39
40
;

set F[f2]:=
41
42
43
44
45
46
47
48
49
50
51
52
53
54
55
56
57
58
59
60
61
62
63
64
65
66
67
68
69
70
;

set F[f3]:=
71
72
73
74
75
76
77
78
79
80
81
82
83
84
85
86
87
88
89
90
91
92
93
94
95
96
97
98
99
100
;


set E:=
(11,7)
(7,36)
(36,21)
(21,1)
(1,40)
(40,4)
(4,11)
(36,7)
(11,4)
(31,27)
(27,23)
(23,24)
(24,10)
(10,33)
(33,32)
(32,31)
(31,32)
(27,31)
(30,2)
(2,20)
(20,38)
(38,39)
(39,18)
(18,14)
(14,30)
(30,14)
(39,38)
(28,19)
(19,37)
(37,26)
(26,17)
(17,22)
(22,25)
(25,28)
(17,26)
(28,25)
(13,15)
(15,9)
(9,35)
(35,3)
(3,16)
(16,34)
(34,13)
(9,15)
(15,13)
(29,5)
(5,12)
(12,8)
(8,6)
(6,29)
(8,12)
(5,29)
(59,70)
(70,57)
(57,45)
(45,49)
(49,65)
(65,68)
(68,59)
(70,59)
(57,70)
(66,58)
(58,43)
(43,60)
(60,53)
(53,41)
(41,62)
(62,66)
(41,53)
(43,58)
(54,55)
(55,42)
(42,50)
(50,56)
(56,51)
(51,67)
(67,54)
(51,56)
(67,51)
(69,64)
(64,46)
(46,47)
(47,52)
(52,61)
(61,44)
(44,69)
(64,69)
(44,61)
(48,63)
(63,48)
(97,73)
(73,74)
(74,77)
(77,72)
(72,84)
(84,91)
(91,97)
(84,72)
(91,84)
(79,98)
(98,78)
(78,94)
(94,80)
(80,96)
(96,75)
(75,79)
(79,75)
(78,98)
(85,100)
(100,81)
(81,92)
(92,99)
(99,71)
(71,83)
(83,85)
(85,83)
(81,100)
(93,86)
(86,87)
(87,90)
(90,76)
(76,88)
(88,95)
(95,93)
(93,95)
(90,87)
(89,82)
(82,89)
;

param b:=
[11,7] 1
[7,36] 6
[36,21] 1
[21,1] 1
[1,40] 1
[40,4] 1
[4,11] 5
[36,7] 6
[11,4] 9
[31,27] 9
[27,23] 1
[23,24] 1
[24,10] 1
[10,33] 1
[33,32] 1
[32,31] 6
[31,32] 6
[27,31] 6
[30,2] 1
[2,20] 1
[20,38] 1
[38,39] 5
[39,18] 1
[18,14] 1
[14,30] 6
[30,14] 8
[39,38] 9
[28,19] 1
[19,37] 1
[37,26] 1
[26,17] 10
[17,22] 1
[22,25] 1
[25,28] 10
[17,26] 9
[28,25] 7
[13,15] 9
[15,9] 8
[9,35] 1
[35,3] 1
[3,16] 1
[16,34] 1
[34,13] 1
[9,15] 7
[15,13] 7
[29,5] 7
[5,12] 1
[12,8] 8
[8,6] 1
[6,29] 1
[8,12] 10
[5,29] 7
[59,70] 6
[70,57] 6
[57,45] 1
[45,49] 1
[49,65] 1
[65,68] 1
[68,59] 1
[70,59] 6
[57,70] 6
[66,58] 1
[58,43] 7
[43,60] 1
[60,53] 1
[53,41] 8
[41,62] 1
[62,66] 1
[41,53] 7
[43,58] 10
[54,55] 1
[55,42] 1
[42,50] 1
[50,56] 1
[56,51] 5
[51,67] 6
[67,54] 1
[51,56] 7
[67,51] 10
[69,64] 6
[64,46] 1
[46,47] 1
[47,52] 1
[52,61] 1
[61,44] 10
[44,69] 1
[64,69] 5
[44,61] 7
[48,63] 5
[63,48] 10
[97,73] 1
[73,74] 1
[74,77] 1
[77,72] 1
[72,84] 7
[84,91] 6
[91,97] 1
[84,72] 8
[91,84] 7
[79,98] 1
[98,78] 5
[78,94] 1
[94,80] 1
[80,96] 1
[96,75] 1
[75,79] 8
[79,75] 5
[78,98] 8
[85,100] 1
[100,81] 8
[81,92] 1
[92,99] 1
[99,71] 1
[71,83] 1
[83,85] 10
[85,83] 9
[81,100] 8
[93,86] 1
[86,87] 1
[87,90] 5
[90,76] 1
[76,88] 1
[88,95] 1
[95,93] 10
[93,95] 5
[90,87] 8
[89,82] 10
[82,89] 8
;

param d:=
1	2
10	2
100	17
11	15
12	19
13	17
14	15
15	31
16	2
17	20
18	2
19	2
2	2
20	2
21	2
22	2
23	2
24	2
25	18
26	20
27	16
28	18
29	15
3	2
30	15
31	27
32	13
33	2
34	2
35	2
36	13
37	2
38	15
39	15
4	15
40	2
41	16
42	2
43	18
44	18
45	2
46	2
47	2
48	15
49	2
5	15
50	2
51	28
52	2
53	16
54	2
55	2
56	13
57	13
58	18
59	13
6	2
60	2
61	18
62	2
63	15
64	12
65	2
66	2
67	17
68	2
69	12
7	13
70	24
71	2
72	16
73	2
74	2
75	14
76	2
77	2
78	14
79	14
8	19
80	2
81	17
82	18
83	20
84	28
85	20
86	2
87	14
88	2
89	18
9	16
90	14
91	14
92	2
93	16
94	2
95	16
96	2
97	2
98	14
99	2
;


end;
