data;

param broj_grana:=128;
param N:=100;
param L1:=0.0019268;
param L2:=0.0004817;

set FC:=
f1
f2
f3
;

set V:=
1
2
3
4
5
6
7
8
9
10
11
12
13
14
15
16
17
18
19
20
21
22
23
24
25
26
27
28
29
30
31
32
33
34
35
36
37
38
39
40
41
42
43
44
45
46
47
48
49
50
51
52
53
54
55
56
57
58
59
60
61
62
63
64
65
66
67
68
69
70
71
72
73
74
75
76
77
78
79
80
81
82
83
84
85
86
87
88
89
90
91
92
93
94
95
96
97
98
99
100
;

set F[f1]:=
1
2
3
4
5
6
7
8
9
10
11
12
13
14
15
16
17
18
19
20
21
22
23
24
25
26
27
28
29
30
31
32
33
34
35
36
37
38
39
40
;

set F[f2]:=
41
42
43
44
45
46
47
48
49
50
51
52
53
54
55
56
57
58
59
60
61
62
63
64
65
66
67
68
69
70
;

set F[f3]:=
71
72
73
74
75
76
77
78
79
80
81
82
83
84
85
86
87
88
89
90
91
92
93
94
95
96
97
98
99
100
;


set E:=
(12,29)
(29,4)
(4,36)
(36,15)
(15,1)
(1,39)
(39,12)
(12,39)
(15,36)
(16,11)
(11,35)
(35,3)
(3,7)
(7,9)
(9,10)
(10,16)
(3,35)
(16,10)
(13,40)
(40,27)
(27,26)
(26,20)
(20,34)
(34,33)
(33,13)
(34,20)
(13,33)
(8,25)
(25,23)
(23,32)
(32,5)
(5,22)
(22,19)
(19,8)
(25,8)
(8,19)
(17,6)
(6,37)
(37,38)
(38,31)
(31,2)
(2,14)
(14,17)
(14,2)
(31,38)
(30,18)
(18,21)
(21,24)
(24,28)
(28,30)
(24,21)
(18,30)
(57,66)
(66,50)
(50,44)
(44,47)
(47,58)
(58,53)
(53,57)
(58,47)
(47,44)
(52,45)
(45,67)
(67,41)
(41,42)
(42,43)
(43,46)
(46,52)
(52,46)
(45,52)
(70,56)
(56,60)
(60,49)
(49,54)
(54,51)
(51,65)
(65,70)
(65,51)
(60,56)
(48,61)
(61,63)
(63,69)
(69,62)
(62,68)
(68,55)
(55,48)
(48,55)
(63,61)
(59,64)
(64,59)
(79,81)
(81,89)
(89,94)
(94,93)
(93,76)
(76,82)
(82,79)
(94,89)
(82,76)
(86,99)
(99,80)
(80,84)
(84,85)
(85,77)
(77,74)
(74,86)
(84,80)
(74,77)
(88,83)
(83,91)
(91,87)
(87,71)
(71,95)
(95,90)
(90,88)
(95,71)
(71,87)
(73,72)
(72,100)
(100,96)
(96,98)
(98,97)
(97,92)
(92,73)
(73,92)
(97,98)
(75,78)
(78,75)
;

param b:=
[12,29] 1
[29,4] 1
[4,36] 1
[36,15] 8
[15,1] 1
[1,39] 1
[39,12] 7
[12,39] 6
[15,36] 6
[16,11] 1
[11,35] 1
[35,3] 7
[3,7] 1
[7,9] 1
[9,10] 1
[10,16] 6
[3,35] 9
[16,10] 8
[13,40] 1
[40,27] 1
[27,26] 1
[26,20] 1
[20,34] 6
[34,33] 1
[33,13] 7
[34,20] 5
[13,33] 10
[8,25] 7
[25,23] 1
[23,32] 1
[32,5] 1
[5,22] 1
[22,19] 1
[19,8] 9
[25,8] 10
[8,19] 10
[17,6] 1
[6,37] 1
[37,38] 1
[38,31] 6
[31,2] 1
[2,14] 8
[14,17] 1
[14,2] 6
[31,38] 6
[30,18] 7
[18,21] 1
[21,24] 9
[24,28] 1
[28,30] 1
[24,21] 9
[18,30] 10
[57,66] 1
[66,50] 1
[50,44] 1
[44,47] 5
[47,58] 10
[58,53] 1
[53,57] 1
[58,47] 10
[47,44] 7
[52,45] 6
[45,67] 1
[67,41] 1
[41,42] 1
[42,43] 1
[43,46] 1
[46,52] 8
[52,46] 5
[45,52] 6
[70,56] 1
[56,60] 7
[60,49] 1
[49,54] 1
[54,51] 1
[51,65] 5
[65,70] 1
[65,51] 5
[60,56] 7
[48,61] 1
[61,63] 10
[63,69] 1
[69,62] 1
[62,68] 1
[68,55] 1
[55,48] 10
[48,55] 8
[63,61] 9
[59,64] 9
[64,59] 10
[79,81] 1
[81,89] 1
[89,94] 7
[94,93] 1
[93,76] 1
[76,82] 7
[82,79] 1
[94,89] 6
[82,76] 7
[86,99] 1
[99,80] 1
[80,84] 10
[84,85] 1
[85,77] 1
[77,74] 6
[74,86] 1
[84,80] 5
[74,77] 6
[88,83] 1
[83,91] 1
[91,87] 1
[87,71] 8
[71,95] 5
[95,90] 1
[90,88] 1
[95,71] 9
[71,87] 7
[73,72] 1
[72,100] 1
[100,96] 1
[96,98] 1
[98,97] 5
[97,92] 1
[92,73] 10
[73,92] 10
[97,98] 9
[75,78] 5
[78,75] 10
;

param d:=
1	2
10	15
100	2
11	2
12	14
13	18
14	15
15	15
16	15
17	2
18	18
19	20
2	15
20	12
21	19
22	2
23	2
24	19
25	18
26	2
27	2
28	2
29	2
3	17
30	18
31	13
32	2
33	18
34	12
35	17
36	15
37	2
38	13
39	14
4	2
40	2
41	2
42	2
43	2
44	13
45	13
46	14
47	32
48	19
49	2
5	2
50	2
51	11
52	25
53	2
54	2
55	19
56	15
57	2
58	21
59	19
6	2
60	15
61	20
62	2
63	20
64	19
65	11
66	2
67	2
68	2
69	2
7	2
70	2
71	29
72	2
73	21
74	13
75	15
76	15
77	13
78	15
79	2
8	36
80	16
81	2
82	15
83	2
84	16
85	2
86	2
87	16
88	2
89	14
9	2
90	2
91	2
92	21
93	2
94	14
95	15
96	2
97	15
98	15
99	2
;


end;
