data;

param broj_grana:=128;
param N:=100;
param L1:=0.0018975;
param L2:=0.0004744;

set FC:=
f1
f2
f3
;

set V:=
1
2
3
4
5
6
7
8
9
10
11
12
13
14
15
16
17
18
19
20
21
22
23
24
25
26
27
28
29
30
31
32
33
34
35
36
37
38
39
40
41
42
43
44
45
46
47
48
49
50
51
52
53
54
55
56
57
58
59
60
61
62
63
64
65
66
67
68
69
70
71
72
73
74
75
76
77
78
79
80
81
82
83
84
85
86
87
88
89
90
91
92
93
94
95
96
97
98
99
100
;

set F[f1]:=
1
2
3
4
5
6
7
8
9
10
11
12
13
14
15
16
17
18
19
20
21
22
23
24
25
26
27
28
29
30
31
32
33
34
35
36
37
38
39
40
;

set F[f2]:=
41
42
43
44
45
46
47
48
49
50
51
52
53
54
55
56
57
58
59
60
61
62
63
64
65
66
67
68
69
70
;

set F[f3]:=
71
72
73
74
75
76
77
78
79
80
81
82
83
84
85
86
87
88
89
90
91
92
93
94
95
96
97
98
99
100
;


set E:=
(34,14)
(14,9)
(9,24)
(24,40)
(40,12)
(12,19)
(19,34)
(34,19)
(40,24)
(27,1)
(1,13)
(13,39)
(39,28)
(28,37)
(37,23)
(23,27)
(1,27)
(37,28)
(20,4)
(4,26)
(26,38)
(38,33)
(33,17)
(17,16)
(16,20)
(38,26)
(26,4)
(5,22)
(22,32)
(32,8)
(8,11)
(11,35)
(35,36)
(36,5)
(11,8)
(35,11)
(31,30)
(30,10)
(10,2)
(2,6)
(6,3)
(3,15)
(15,31)
(2,10)
(15,3)
(21,18)
(18,7)
(7,25)
(25,29)
(29,21)
(21,29)
(29,25)
(60,64)
(64,68)
(68,58)
(58,50)
(50,48)
(48,67)
(67,60)
(48,50)
(67,48)
(63,44)
(44,46)
(46,52)
(52,43)
(43,69)
(69,62)
(62,63)
(62,69)
(43,52)
(55,59)
(59,54)
(54,61)
(61,51)
(51,47)
(47,49)
(49,55)
(59,55)
(51,61)
(41,70)
(70,42)
(42,45)
(45,53)
(53,56)
(56,57)
(57,41)
(45,42)
(56,53)
(65,66)
(66,65)
(96,79)
(79,86)
(86,80)
(80,97)
(97,73)
(73,85)
(85,96)
(85,73)
(96,85)
(99,98)
(98,89)
(89,95)
(95,78)
(78,75)
(75,92)
(92,99)
(95,89)
(98,99)
(94,72)
(72,90)
(90,91)
(91,74)
(74,84)
(84,93)
(93,94)
(72,94)
(91,90)
(87,100)
(100,82)
(82,71)
(71,77)
(77,81)
(81,88)
(88,87)
(77,71)
(88,81)
(76,83)
(83,76)
;

param b:=
[34,14] 1
[14,9] 1
[9,24] 1
[24,40] 6
[40,12] 1
[12,19] 1
[19,34] 9
[34,19] 5
[40,24] 8
[27,1] 8
[1,13] 1
[13,39] 1
[39,28] 1
[28,37] 10
[37,23] 1
[23,27] 1
[1,27] 5
[37,28] 8
[20,4] 1
[4,26] 10
[26,38] 5
[38,33] 1
[33,17] 1
[17,16] 1
[16,20] 1
[38,26] 10
[26,4] 6
[5,22] 1
[22,32] 1
[32,8] 1
[8,11] 6
[11,35] 9
[35,36] 1
[36,5] 1
[11,8] 10
[35,11] 9
[31,30] 1
[30,10] 1
[10,2] 9
[2,6] 1
[6,3] 1
[3,15] 8
[15,31] 1
[2,10] 5
[15,3] 8
[21,18] 1
[18,7] 1
[7,25] 1
[25,29] 8
[29,21] 7
[21,29] 8
[29,25] 5
[60,64] 1
[64,68] 1
[68,58] 1
[58,50] 1
[50,48] 7
[48,67] 9
[67,60] 1
[48,50] 9
[67,48] 8
[63,44] 1
[44,46] 1
[46,52] 1
[52,43] 7
[43,69] 1
[69,62] 8
[62,63] 1
[62,69] 10
[43,52] 6
[55,59] 6
[59,54] 1
[54,61] 1
[61,51] 7
[51,47] 1
[47,49] 1
[49,55] 1
[59,55] 8
[51,61] 9
[41,70] 1
[70,42] 1
[42,45] 8
[45,53] 1
[53,56] 5
[56,57] 1
[57,41] 1
[45,42] 10
[56,53] 8
[65,66] 7
[66,65] 9
[96,79] 1
[79,86] 1
[86,80] 1
[80,97] 1
[97,73] 1
[73,85] 5
[85,96] 10
[85,73] 10
[96,85] 9
[99,98] 6
[98,89] 1
[89,95] 6
[95,78] 1
[78,75] 1
[75,92] 1
[92,99] 1
[95,89] 7
[98,99] 9
[94,72] 6
[72,90] 1
[90,91] 9
[91,74] 1
[74,84] 1
[84,93] 1
[93,94] 1
[72,94] 7
[91,90] 8
[87,100] 1
[100,82] 1
[82,71] 1
[71,77] 5
[77,81] 1
[81,88] 7
[88,87] 1
[77,71] 8
[88,81] 7
[76,83] 10
[83,76] 7
;

param d:=
1	14
10	15
100	2
11	34
12	2
13	2
14	2
15	17
16	2
17	2
18	2
19	15
2	15
20	2
21	16
22	2
23	2
24	15
25	14
26	31
27	14
28	19
29	28
3	17
30	2
31	2
32	2
33	2
34	15
35	19
36	2
37	19
38	16
39	2
4	17
40	15
41	2
42	19
43	14
44	2
45	19
46	2
47	2
48	33
49	2
5	2
50	17
51	17
52	14
53	14
54	2
55	15
56	14
57	2
58	2
59	15
6	2
60	2
61	17
62	19
63	2
64	2
65	16
66	16
67	18
68	2
69	19
7	2
70	2
71	14
72	14
73	16
74	2
75	2
76	17
77	14
78	2
79	2
8	17
80	2
81	15
82	2
83	17
84	2
85	34
86	2
87	2
88	15
89	14
9	2
90	18
91	18
92	2
93	2
94	14
95	14
96	20
97	2
98	16
99	16
;


end;
