data;

param broj_grana:=128;
param N:=100;
param L1:=0.0019194;
param L2:=0.0004798;

set FC:=
f1
f2
f3
;

set V:=
1
2
3
4
5
6
7
8
9
10
11
12
13
14
15
16
17
18
19
20
21
22
23
24
25
26
27
28
29
30
31
32
33
34
35
36
37
38
39
40
41
42
43
44
45
46
47
48
49
50
51
52
53
54
55
56
57
58
59
60
61
62
63
64
65
66
67
68
69
70
71
72
73
74
75
76
77
78
79
80
81
82
83
84
85
86
87
88
89
90
91
92
93
94
95
96
97
98
99
100
;

set F[f1]:=
1
2
3
4
5
6
7
8
9
10
11
12
13
14
15
16
17
18
19
20
21
22
23
24
25
26
27
28
29
30
31
32
33
34
35
36
37
38
39
40
;

set F[f2]:=
41
42
43
44
45
46
47
48
49
50
51
52
53
54
55
56
57
58
59
60
61
62
63
64
65
66
67
68
69
70
;

set F[f3]:=
71
72
73
74
75
76
77
78
79
80
81
82
83
84
85
86
87
88
89
90
91
92
93
94
95
96
97
98
99
100
;


set E:=
(36,2)
(2,19)
(19,29)
(29,33)
(33,40)
(40,12)
(12,36)
(2,36)
(36,12)
(3,27)
(27,24)
(24,10)
(10,26)
(26,32)
(32,9)
(9,3)
(27,3)
(9,32)
(15,23)
(23,14)
(14,13)
(13,16)
(16,11)
(11,30)
(30,15)
(13,14)
(23,15)
(28,39)
(39,25)
(25,18)
(18,4)
(4,17)
(17,37)
(37,28)
(28,37)
(39,28)
(34,20)
(20,5)
(5,38)
(38,22)
(22,1)
(1,35)
(35,34)
(34,35)
(35,1)
(8,31)
(31,6)
(6,7)
(7,21)
(21,8)
(21,7)
(8,21)
(56,62)
(62,43)
(43,47)
(47,54)
(54,52)
(52,45)
(45,56)
(47,43)
(56,45)
(57,65)
(65,58)
(58,53)
(53,61)
(61,55)
(55,51)
(51,57)
(57,51)
(65,57)
(49,64)
(64,60)
(60,66)
(66,42)
(42,44)
(44,50)
(50,49)
(60,64)
(42,66)
(48,70)
(70,59)
(59,67)
(67,63)
(63,46)
(46,68)
(68,48)
(59,70)
(68,46)
(41,69)
(69,41)
(99,71)
(71,93)
(93,74)
(74,75)
(75,98)
(98,100)
(100,99)
(100,98)
(75,74)
(96,85)
(85,79)
(79,92)
(92,95)
(95,94)
(94,88)
(88,96)
(88,94)
(94,95)
(86,77)
(77,76)
(76,83)
(83,91)
(91,78)
(78,80)
(80,86)
(76,77)
(83,76)
(89,72)
(72,73)
(73,82)
(82,81)
(81,84)
(84,97)
(97,89)
(84,81)
(82,73)
(90,87)
(87,90)
;

param b:=
[36,2] 10
[2,19] 1
[19,29] 1
[29,33] 1
[33,40] 1
[40,12] 1
[12,36] 7
[2,36] 6
[36,12] 5
[3,27] 5
[27,24] 1
[24,10] 1
[10,26] 1
[26,32] 1
[32,9] 9
[9,3] 1
[27,3] 6
[9,32] 9
[15,23] 10
[23,14] 1
[14,13] 7
[13,16] 1
[16,11] 1
[11,30] 1
[30,15] 1
[13,14] 10
[23,15] 6
[28,39] 8
[39,25] 1
[25,18] 1
[18,4] 1
[4,17] 1
[17,37] 1
[37,28] 5
[28,37] 9
[39,28] 6
[34,20] 1
[20,5] 1
[5,38] 1
[38,22] 1
[22,1] 1
[1,35] 10
[35,34] 5
[34,35] 10
[35,1] 9
[8,31] 1
[31,6] 1
[6,7] 1
[7,21] 10
[21,8] 10
[21,7] 7
[8,21] 10
[56,62] 1
[62,43] 1
[43,47] 5
[47,54] 1
[54,52] 1
[52,45] 1
[45,56] 5
[47,43] 9
[56,45] 9
[57,65] 10
[65,58] 1
[58,53] 1
[53,61] 1
[61,55] 1
[55,51] 1
[51,57] 9
[57,51] 7
[65,57] 7
[49,64] 1
[64,60] 6
[60,66] 1
[66,42] 5
[42,44] 1
[44,50] 1
[50,49] 1
[60,64] 5
[42,66] 6
[48,70] 1
[70,59] 7
[59,67] 1
[67,63] 1
[63,46] 1
[46,68] 5
[68,48] 1
[59,70] 6
[68,46] 8
[41,69] 6
[69,41] 5
[99,71] 1
[71,93] 1
[93,74] 1
[74,75] 7
[75,98] 1
[98,100] 5
[100,99] 1
[100,98] 6
[75,74] 7
[96,85] 1
[85,79] 1
[79,92] 1
[92,95] 1
[95,94] 10
[94,88] 8
[88,96] 1
[88,94] 9
[94,95] 9
[86,77] 1
[77,76] 10
[76,83] 10
[83,91] 1
[91,78] 1
[78,80] 1
[80,86] 1
[76,77] 8
[83,76] 7
[89,72] 1
[72,73] 1
[73,82] 10
[82,81] 1
[81,84] 8
[84,97] 1
[97,89] 1
[84,81] 10
[82,73] 9
[90,87] 6
[87,90] 5
;

param d:=
1	20
10	2
100	12
11	2
12	13
13	18
14	18
15	17
16	2
17	2
18	2
19	2
2	17
20	2
21	37
22	2
23	17
24	2
25	2
26	2
27	12
28	28
29	2
3	12
30	2
31	2
32	19
33	2
34	16
35	34
36	28
37	15
38	2
39	15
4	2
40	2
41	11
42	12
43	15
44	2
45	15
46	14
47	15
48	2
49	2
5	2
50	2
51	17
52	2
53	2
54	2
55	2
56	15
57	33
58	2
59	14
6	2
60	12
61	2
62	2
63	2
64	12
65	18
66	12
67	2
68	14
69	11
7	18
70	14
71	2
72	2
73	20
74	15
75	15
76	35
77	19
78	2
79	2
8	21
80	2
81	19
82	20
83	18
84	19
85	2
86	2
87	11
88	18
89	2
9	19
90	11
91	2
92	2
93	2
94	36
95	20
96	2
97	2
98	12
99	2
;


end;
