data;

param broj_grana:=128;
param N:=100;
param L1:=0.0019920;
param L2:=0.0004980;

set FC:=
f1
f2
f3
;

set V:=
1
2
3
4
5
6
7
8
9
10
11
12
13
14
15
16
17
18
19
20
21
22
23
24
25
26
27
28
29
30
31
32
33
34
35
36
37
38
39
40
41
42
43
44
45
46
47
48
49
50
51
52
53
54
55
56
57
58
59
60
61
62
63
64
65
66
67
68
69
70
71
72
73
74
75
76
77
78
79
80
81
82
83
84
85
86
87
88
89
90
91
92
93
94
95
96
97
98
99
100
;

set F[f1]:=
1
2
3
4
5
6
7
8
9
10
11
12
13
14
15
16
17
18
19
20
21
22
23
24
25
26
27
28
29
30
31
32
33
34
35
36
37
38
39
40
;

set F[f2]:=
41
42
43
44
45
46
47
48
49
50
51
52
53
54
55
56
57
58
59
60
61
62
63
64
65
66
67
68
69
70
;

set F[f3]:=
71
72
73
74
75
76
77
78
79
80
81
82
83
84
85
86
87
88
89
90
91
92
93
94
95
96
97
98
99
100
;


set E:=
(30,9)
(9,16)
(16,21)
(21,1)
(1,40)
(40,27)
(27,30)
(40,1)
(16,9)
(34,37)
(37,28)
(28,22)
(22,39)
(39,29)
(29,3)
(3,34)
(29,39)
(37,34)
(2,23)
(23,33)
(33,25)
(25,12)
(12,32)
(32,14)
(14,2)
(2,14)
(14,32)
(36,31)
(31,13)
(13,10)
(10,11)
(11,8)
(8,15)
(15,36)
(10,13)
(31,36)
(26,6)
(6,7)
(7,35)
(35,38)
(38,17)
(17,4)
(4,26)
(7,6)
(6,26)
(18,19)
(19,5)
(5,20)
(20,24)
(24,18)
(20,5)
(5,19)
(63,47)
(47,43)
(43,46)
(46,49)
(49,62)
(62,66)
(66,63)
(49,46)
(63,66)
(41,51)
(51,57)
(57,68)
(68,54)
(54,45)
(45,64)
(64,41)
(57,51)
(68,57)
(50,60)
(60,42)
(42,67)
(67,53)
(53,59)
(59,44)
(44,50)
(53,67)
(59,53)
(70,52)
(52,65)
(65,56)
(56,61)
(61,58)
(58,69)
(69,70)
(61,56)
(58,61)
(55,48)
(48,55)
(96,73)
(73,98)
(98,79)
(79,77)
(77,95)
(95,99)
(99,96)
(95,77)
(79,98)
(72,92)
(92,90)
(90,75)
(75,93)
(93,83)
(83,76)
(76,72)
(75,90)
(76,83)
(81,91)
(91,97)
(97,82)
(82,78)
(78,86)
(86,85)
(85,81)
(81,85)
(97,91)
(71,89)
(89,87)
(87,74)
(74,94)
(94,84)
(84,80)
(80,71)
(74,87)
(84,94)
(100,88)
(88,100)
;

param b:=
[30,9] 1
[9,16] 9
[16,21] 1
[21,1] 1
[1,40] 5
[40,27] 1
[27,30] 1
[40,1] 8
[16,9] 10
[34,37] 6
[37,28] 1
[28,22] 1
[22,39] 1
[39,29] 8
[29,3] 1
[3,34] 1
[29,39] 10
[37,34] 6
[2,23] 1
[23,33] 1
[33,25] 1
[25,12] 1
[12,32] 1
[32,14] 7
[14,2] 5
[2,14] 7
[14,32] 5
[36,31] 5
[31,13] 1
[13,10] 5
[10,11] 1
[11,8] 1
[8,15] 1
[15,36] 1
[10,13] 9
[31,36] 10
[26,6] 6
[6,7] 10
[7,35] 1
[35,38] 1
[38,17] 1
[17,4] 1
[4,26] 1
[7,6] 5
[6,26] 10
[18,19] 1
[19,5] 7
[5,20] 7
[20,24] 1
[24,18] 1
[20,5] 6
[5,19] 5
[63,47] 1
[47,43] 1
[43,46] 1
[46,49] 6
[49,62] 1
[62,66] 1
[66,63] 5
[49,46] 8
[63,66] 6
[41,51] 1
[51,57] 6
[57,68] 7
[68,54] 1
[54,45] 1
[45,64] 1
[64,41] 1
[57,51] 7
[68,57] 8
[50,60] 1
[60,42] 1
[42,67] 1
[67,53] 8
[53,59] 8
[59,44] 1
[44,50] 1
[53,67] 6
[59,53] 5
[70,52] 1
[52,65] 1
[65,56] 1
[56,61] 7
[61,58] 8
[58,69] 1
[69,70] 1
[61,56] 10
[58,61] 8
[55,48] 6
[48,55] 10
[96,73] 1
[73,98] 1
[98,79] 10
[79,77] 1
[77,95] 8
[95,99] 1
[99,96] 1
[95,77] 5
[79,98] 7
[72,92] 1
[92,90] 1
[90,75] 9
[75,93] 1
[93,83] 1
[83,76] 10
[76,72] 1
[75,90] 8
[76,83] 10
[81,91] 1
[91,97] 5
[97,82] 1
[82,78] 1
[78,86] 1
[86,85] 1
[85,81] 9
[81,85] 8
[97,91] 5
[71,89] 1
[89,87] 1
[87,74] 5
[74,94] 1
[94,84] 5
[84,80] 1
[80,71] 1
[74,87] 8
[84,94] 5
[100,88] 7
[88,100] 10
;

param d:=
1	14
10	15
100	17
11	2
12	2
13	15
14	24
15	2
16	20
17	2
18	2
19	13
2	13
20	14
21	2
22	2
23	2
24	2
25	2
26	17
27	2
28	2
29	19
3	2
30	2
31	16
32	13
33	2
34	13
35	2
36	16
37	13
38	2
39	19
4	2
40	14
41	2
42	2
43	2
44	2
45	2
46	15
47	2
48	16
49	15
5	25
50	2
51	14
52	2
53	27
54	2
55	16
56	18
57	28
58	17
59	14
6	31
60	2
61	33
62	2
63	12
64	2
65	2
66	12
67	15
68	16
69	2
7	16
70	2
71	2
72	2
73	2
74	14
75	18
76	21
77	14
78	2
79	18
8	2
80	2
81	18
82	2
83	21
84	11
85	18
86	2
87	14
88	17
89	2
9	20
90	18
91	11
92	2
93	2
94	11
95	14
96	2
97	11
98	18
99	2
;


end;
