data;

param broj_grana:=128;
param N:=100;
param L1:=0.0019763;
param L2:=0.0004941;

set FC:=
f1
f2
f3
;

set V:=
1
2
3
4
5
6
7
8
9
10
11
12
13
14
15
16
17
18
19
20
21
22
23
24
25
26
27
28
29
30
31
32
33
34
35
36
37
38
39
40
41
42
43
44
45
46
47
48
49
50
51
52
53
54
55
56
57
58
59
60
61
62
63
64
65
66
67
68
69
70
71
72
73
74
75
76
77
78
79
80
81
82
83
84
85
86
87
88
89
90
91
92
93
94
95
96
97
98
99
100
;

set F[f1]:=
1
2
3
4
5
6
7
8
9
10
11
12
13
14
15
16
17
18
19
20
21
22
23
24
25
26
27
28
29
30
31
32
33
34
35
36
37
38
39
40
;

set F[f2]:=
41
42
43
44
45
46
47
48
49
50
51
52
53
54
55
56
57
58
59
60
61
62
63
64
65
66
67
68
69
70
;

set F[f3]:=
71
72
73
74
75
76
77
78
79
80
81
82
83
84
85
86
87
88
89
90
91
92
93
94
95
96
97
98
99
100
;


set E:=
(35,6)
(6,39)
(39,34)
(34,14)
(14,18)
(18,13)
(13,35)
(35,13)
(39,6)
(7,40)
(40,29)
(29,15)
(15,37)
(37,4)
(4,12)
(12,7)
(37,15)
(40,7)
(17,20)
(20,36)
(36,31)
(31,38)
(38,26)
(26,16)
(16,17)
(17,16)
(38,31)
(25,5)
(5,8)
(8,19)
(19,1)
(1,2)
(2,10)
(10,25)
(2,1)
(1,19)
(30,11)
(11,23)
(23,32)
(32,9)
(9,28)
(28,33)
(33,30)
(28,9)
(23,11)
(22,24)
(24,27)
(27,21)
(21,3)
(3,22)
(27,24)
(21,27)
(55,60)
(60,43)
(43,63)
(63,70)
(70,65)
(65,50)
(50,55)
(65,70)
(70,63)
(49,62)
(62,42)
(42,48)
(48,59)
(59,44)
(44,45)
(45,49)
(44,59)
(62,49)
(53,58)
(58,41)
(41,66)
(66,51)
(51,61)
(61,52)
(52,53)
(52,61)
(51,66)
(47,68)
(68,67)
(67,56)
(56,54)
(54,64)
(64,46)
(46,47)
(68,47)
(46,64)
(57,69)
(69,57)
(77,76)
(76,74)
(74,84)
(84,92)
(92,95)
(95,96)
(96,77)
(92,84)
(74,76)
(82,83)
(83,75)
(75,98)
(98,90)
(90,78)
(78,100)
(100,82)
(90,98)
(75,83)
(88,80)
(80,87)
(87,89)
(89,79)
(79,86)
(86,72)
(72,88)
(88,72)
(89,87)
(91,73)
(73,94)
(94,85)
(85,81)
(81,93)
(93,71)
(71,91)
(93,81)
(71,93)
(97,99)
(99,97)
;

param b:=
[35,6] 1
[6,39] 10
[39,34] 1
[34,14] 1
[14,18] 1
[18,13] 1
[13,35] 8
[35,13] 9
[39,6] 9
[7,40] 5
[40,29] 1
[29,15] 1
[15,37] 6
[37,4] 1
[4,12] 1
[12,7] 1
[37,15] 5
[40,7] 7
[17,20] 1
[20,36] 1
[36,31] 1
[31,38] 6
[38,26] 1
[26,16] 1
[16,17] 8
[17,16] 8
[38,31] 5
[25,5] 1
[5,8] 1
[8,19] 1
[19,1] 10
[1,2] 10
[2,10] 1
[10,25] 1
[2,1] 5
[1,19] 5
[30,11] 1
[11,23] 9
[23,32] 1
[32,9] 1
[9,28] 9
[28,33] 1
[33,30] 1
[28,9] 7
[23,11] 8
[22,24] 1
[24,27] 9
[27,21] 7
[21,3] 1
[3,22] 1
[27,24] 6
[21,27] 5
[55,60] 1
[60,43] 1
[43,63] 1
[63,70] 5
[70,65] 9
[65,50] 1
[50,55] 1
[65,70] 9
[70,63] 8
[49,62] 5
[62,42] 1
[42,48] 1
[48,59] 1
[59,44] 10
[44,45] 1
[45,49] 1
[44,59] 7
[62,49] 5
[53,58] 1
[58,41] 1
[41,66] 1
[66,51] 9
[51,61] 1
[61,52] 7
[52,53] 1
[52,61] 6
[51,66] 9
[47,68] 6
[68,67] 1
[67,56] 1
[56,54] 1
[54,64] 1
[64,46] 10
[46,47] 1
[68,47] 6
[46,64] 10
[57,69] 5
[69,57] 9
[77,76] 1
[76,74] 5
[74,84] 1
[84,92] 7
[92,95] 1
[95,96] 1
[96,77] 1
[92,84] 8
[74,76] 8
[82,83] 1
[83,75] 5
[75,98] 1
[98,90] 10
[90,78] 1
[78,100] 1
[100,82] 1
[90,98] 5
[75,83] 5
[88,80] 1
[80,87] 1
[87,89] 8
[89,79] 1
[79,86] 1
[86,72] 1
[72,88] 6
[88,72] 6
[89,87] 9
[91,73] 1
[73,94] 1
[94,85] 1
[85,81] 1
[81,93] 7
[93,71] 6
[71,91] 1
[93,81] 10
[71,93] 6
[97,99] 10
[99,97] 6
;

param d:=
1	30
10	2
100	2
11	18
12	2
13	18
14	2
15	12
16	17
17	17
18	2
19	16
2	16
20	2
21	13
22	2
23	18
24	16
25	2
26	2
27	27
28	17
29	2
3	2
30	2
31	12
32	2
33	2
34	2
35	18
36	2
37	12
38	12
39	20
4	2
40	13
41	2
42	2
43	2
44	18
45	2
46	21
47	13
48	2
49	11
5	2
50	2
51	19
52	14
53	2
54	2
55	2
56	2
57	14
58	2
59	18
6	20
60	2
61	14
62	11
63	14
64	21
65	19
66	19
67	2
68	13
69	14
7	13
70	31
71	13
72	13
73	2
74	14
75	11
76	14
77	2
78	2
79	2
8	2
80	2
81	18
82	2
83	11
84	16
85	2
86	2
87	18
88	13
89	18
9	17
90	16
91	2
92	16
93	29
94	2
95	2
96	2
97	16
98	16
99	16
;


end;
