data;

param broj_grana:=128;
param N:=100;
param L1:=0.0019531;
param L2:=0.0004883;

set FC:=
f1
f2
f3
;

set V:=
1
2
3
4
5
6
7
8
9
10
11
12
13
14
15
16
17
18
19
20
21
22
23
24
25
26
27
28
29
30
31
32
33
34
35
36
37
38
39
40
41
42
43
44
45
46
47
48
49
50
51
52
53
54
55
56
57
58
59
60
61
62
63
64
65
66
67
68
69
70
71
72
73
74
75
76
77
78
79
80
81
82
83
84
85
86
87
88
89
90
91
92
93
94
95
96
97
98
99
100
;

set F[f1]:=
1
2
3
4
5
6
7
8
9
10
11
12
13
14
15
16
17
18
19
20
21
22
23
24
25
26
27
28
29
30
31
32
33
34
35
36
37
38
39
40
;

set F[f2]:=
41
42
43
44
45
46
47
48
49
50
51
52
53
54
55
56
57
58
59
60
61
62
63
64
65
66
67
68
69
70
;

set F[f3]:=
71
72
73
74
75
76
77
78
79
80
81
82
83
84
85
86
87
88
89
90
91
92
93
94
95
96
97
98
99
100
;


set E:=
(38,3)
(3,18)
(18,29)
(29,30)
(30,14)
(14,7)
(7,38)
(30,29)
(14,30)
(1,20)
(20,23)
(23,8)
(8,26)
(26,28)
(28,27)
(27,1)
(1,27)
(27,28)
(37,31)
(31,4)
(4,40)
(40,12)
(12,25)
(25,33)
(33,37)
(31,37)
(33,25)
(36,39)
(39,9)
(9,15)
(15,10)
(10,6)
(6,22)
(22,36)
(22,6)
(6,10)
(34,32)
(32,11)
(11,17)
(17,5)
(5,19)
(19,21)
(21,34)
(21,19)
(32,34)
(16,13)
(13,24)
(24,2)
(2,35)
(35,16)
(16,35)
(13,16)
(69,61)
(61,64)
(64,56)
(56,58)
(58,57)
(57,65)
(65,69)
(58,56)
(57,58)
(68,54)
(54,44)
(44,52)
(52,55)
(55,42)
(42,51)
(51,68)
(54,68)
(68,51)
(41,50)
(50,45)
(45,67)
(67,62)
(62,66)
(66,46)
(46,41)
(66,62)
(67,45)
(43,49)
(49,47)
(47,48)
(48,70)
(70,53)
(53,60)
(60,43)
(60,53)
(43,60)
(59,63)
(63,59)
(98,96)
(96,78)
(78,82)
(82,88)
(88,94)
(94,81)
(81,98)
(98,81)
(78,96)
(86,76)
(76,84)
(84,71)
(71,92)
(92,75)
(75,73)
(73,86)
(92,71)
(73,75)
(85,89)
(89,97)
(97,99)
(99,95)
(95,83)
(83,72)
(72,85)
(95,99)
(83,95)
(77,91)
(91,80)
(80,74)
(74,93)
(93,90)
(90,79)
(79,77)
(74,80)
(90,93)
(87,100)
(100,87)
;

param b:=
[38,3] 1
[3,18] 1
[18,29] 1
[29,30] 8
[30,14] 10
[14,7] 1
[7,38] 1
[30,29] 6
[14,30] 10
[1,20] 1
[20,23] 1
[23,8] 1
[8,26] 1
[26,28] 1
[28,27] 5
[27,1] 10
[1,27] 8
[27,28] 8
[37,31] 8
[31,4] 1
[4,40] 1
[40,12] 1
[12,25] 1
[25,33] 5
[33,37] 1
[31,37] 10
[33,25] 10
[36,39] 1
[39,9] 1
[9,15] 1
[15,10] 1
[10,6] 7
[6,22] 5
[22,36] 1
[22,6] 7
[6,10] 10
[34,32] 8
[32,11] 1
[11,17] 1
[17,5] 1
[5,19] 1
[19,21] 6
[21,34] 1
[21,19] 9
[32,34] 9
[16,13] 7
[13,24] 1
[24,2] 1
[2,35] 1
[35,16] 5
[16,35] 10
[13,16] 10
[69,61] 1
[61,64] 1
[64,56] 1
[56,58] 9
[58,57] 6
[57,65] 1
[65,69] 1
[58,56] 7
[57,58] 5
[68,54] 5
[54,44] 1
[44,52] 1
[52,55] 1
[55,42] 1
[42,51] 1
[51,68] 10
[54,68] 8
[68,51] 8
[41,50] 1
[50,45] 1
[45,67] 9
[67,62] 1
[62,66] 5
[66,46] 1
[46,41] 1
[66,62] 5
[67,45] 5
[43,49] 1
[49,47] 1
[47,48] 1
[48,70] 1
[70,53] 1
[53,60] 6
[60,43] 6
[60,53] 7
[43,60] 9
[59,63] 7
[63,59] 5
[98,96] 1
[96,78] 6
[78,82] 1
[82,88] 1
[88,94] 1
[94,81] 1
[81,98] 6
[98,81] 9
[78,96] 8
[86,76] 1
[76,84] 1
[84,71] 1
[71,92] 6
[92,75] 1
[75,73] 5
[73,86] 1
[92,71] 6
[73,75] 7
[85,89] 1
[89,97] 1
[97,99] 1
[99,95] 5
[95,83] 5
[83,72] 1
[72,85] 1
[95,99] 9
[83,95] 10
[77,91] 1
[91,80] 1
[80,74] 9
[74,93] 1
[93,90] 6
[90,79] 1
[79,77] 1
[74,80] 9
[90,93] 10
[87,100] 10
[100,87] 5
;

param d:=
1	19
10	18
100	15
11	2
12	2
13	18
14	21
15	2
16	32
17	2
18	2
19	16
2	2
20	2
21	16
22	13
23	2
24	2
25	16
26	2
27	31
28	14
29	15
3	2
30	34
31	19
32	18
33	16
34	18
35	16
36	2
37	19
38	2
39	2
4	2
40	2
41	2
42	2
43	16
44	2
45	15
46	2
47	2
48	2
49	2
5	2
50	2
51	19
52	2
53	14
54	14
55	2
56	17
57	12
58	27
59	12
6	29
60	28
61	2
62	11
63	12
64	2
65	2
66	11
67	15
68	31
69	2
7	2
70	2
71	13
72	2
73	13
74	19
75	13
76	2
77	2
78	15
79	2
8	2
80	19
81	16
82	2
83	16
84	2
85	2
86	2
87	15
88	2
89	2
9	2
90	17
91	2
92	13
93	17
94	2
95	29
96	15
97	2
98	16
99	15
;


end;
