data;

param broj_grana:=128;
param N:=100;
param L1:=0.0019608;
param L2:=0.0004902;

set FC:=
f1
f2
f3
;

set V:=
1
2
3
4
5
6
7
8
9
10
11
12
13
14
15
16
17
18
19
20
21
22
23
24
25
26
27
28
29
30
31
32
33
34
35
36
37
38
39
40
41
42
43
44
45
46
47
48
49
50
51
52
53
54
55
56
57
58
59
60
61
62
63
64
65
66
67
68
69
70
71
72
73
74
75
76
77
78
79
80
81
82
83
84
85
86
87
88
89
90
91
92
93
94
95
96
97
98
99
100
;

set F[f1]:=
1
2
3
4
5
6
7
8
9
10
11
12
13
14
15
16
17
18
19
20
21
22
23
24
25
26
27
28
29
30
31
32
33
34
35
36
37
38
39
40
;

set F[f2]:=
41
42
43
44
45
46
47
48
49
50
51
52
53
54
55
56
57
58
59
60
61
62
63
64
65
66
67
68
69
70
;

set F[f3]:=
71
72
73
74
75
76
77
78
79
80
81
82
83
84
85
86
87
88
89
90
91
92
93
94
95
96
97
98
99
100
;


set E:=
(21,4)
(4,16)
(16,8)
(8,33)
(33,23)
(23,24)
(24,21)
(24,23)
(33,8)
(17,6)
(6,36)
(36,34)
(34,26)
(26,7)
(7,19)
(19,17)
(36,6)
(6,17)
(10,31)
(31,32)
(32,14)
(14,9)
(9,1)
(1,13)
(13,10)
(13,1)
(31,10)
(38,20)
(20,3)
(3,5)
(5,2)
(2,39)
(39,15)
(15,38)
(5,3)
(38,15)
(18,35)
(35,25)
(25,29)
(29,11)
(11,12)
(12,30)
(30,18)
(11,29)
(35,18)
(37,22)
(22,28)
(28,27)
(27,40)
(40,37)
(28,22)
(37,40)
(47,70)
(70,45)
(45,54)
(54,64)
(64,51)
(51,50)
(50,47)
(54,45)
(51,64)
(67,58)
(58,56)
(56,43)
(43,48)
(48,69)
(69,65)
(65,67)
(56,58)
(69,48)
(66,46)
(46,42)
(42,55)
(55,52)
(52,53)
(53,60)
(60,66)
(60,53)
(46,66)
(68,61)
(61,41)
(41,44)
(44,57)
(57,62)
(62,49)
(49,68)
(68,49)
(49,62)
(59,63)
(63,59)
(99,87)
(87,100)
(100,76)
(76,93)
(93,90)
(90,84)
(84,99)
(99,84)
(84,90)
(74,95)
(95,83)
(83,73)
(73,75)
(75,98)
(98,91)
(91,74)
(74,91)
(73,83)
(97,85)
(85,94)
(94,71)
(71,79)
(79,78)
(78,72)
(72,97)
(79,71)
(78,79)
(96,92)
(92,81)
(81,80)
(80,86)
(86,82)
(82,77)
(77,96)
(81,92)
(86,80)
(89,88)
(88,89)
;

param b:=
[21,4] 1
[4,16] 1
[16,8] 1
[8,33] 7
[33,23] 1
[23,24] 10
[24,21] 1
[24,23] 8
[33,8] 8
[17,6] 8
[6,36] 7
[36,34] 1
[34,26] 1
[26,7] 1
[7,19] 1
[19,17] 1
[36,6] 10
[6,17] 6
[10,31] 9
[31,32] 1
[32,14] 1
[14,9] 1
[9,1] 1
[1,13] 7
[13,10] 1
[13,1] 10
[31,10] 8
[38,20] 1
[20,3] 1
[3,5] 10
[5,2] 1
[2,39] 1
[39,15] 1
[15,38] 5
[5,3] 9
[38,15] 7
[18,35] 5
[35,25] 1
[25,29] 1
[29,11] 9
[11,12] 1
[12,30] 1
[30,18] 1
[11,29] 10
[35,18] 5
[37,22] 1
[22,28] 7
[28,27] 1
[27,40] 1
[40,37] 8
[28,22] 5
[37,40] 10
[47,70] 1
[70,45] 1
[45,54] 7
[54,64] 1
[64,51] 5
[51,50] 1
[50,47] 1
[54,45] 6
[51,64] 6
[67,58] 1
[58,56] 6
[56,43] 1
[43,48] 1
[48,69] 7
[69,65] 1
[65,67] 1
[56,58] 9
[69,48] 9
[66,46] 5
[46,42] 1
[42,55] 1
[55,52] 1
[52,53] 1
[53,60] 8
[60,66] 1
[60,53] 8
[46,66] 6
[68,61] 1
[61,41] 1
[41,44] 1
[44,57] 1
[57,62] 1
[62,49] 5
[49,68] 5
[68,49] 9
[49,62] 8
[59,63] 6
[63,59] 6
[99,87] 1
[87,100] 1
[100,76] 1
[76,93] 1
[93,90] 1
[90,84] 5
[84,99] 7
[99,84] 9
[84,90] 5
[74,95] 1
[95,83] 1
[83,73] 9
[73,75] 1
[75,98] 1
[98,91] 1
[91,74] 5
[74,91] 8
[73,83] 8
[97,85] 1
[85,94] 1
[94,71] 1
[71,79] 10
[79,78] 10
[78,72] 1
[72,97] 1
[79,71] 9
[78,79] 6
[96,92] 1
[92,81] 7
[81,80] 1
[80,86] 8
[86,82] 1
[82,77] 1
[77,96] 1
[81,92] 7
[86,80] 5
[89,88] 10
[88,89] 5
;

param d:=
1	18
10	18
100	2
11	20
12	2
13	18
14	2
15	13
16	2
17	15
18	11
19	2
2	2
20	2
21	2
22	13
23	19
24	19
25	2
26	2
27	2
28	13
29	20
3	20
30	2
31	18
32	2
33	16
34	2
35	11
36	18
37	19
38	13
39	2
4	2
40	19
41	2
42	2
43	2
44	2
45	14
46	12
47	2
48	17
49	27
5	20
50	2
51	12
52	2
53	17
54	14
55	2
56	16
57	2
58	16
59	12
6	31
60	17
61	2
62	14
63	12
64	12
65	2
66	12
67	2
68	15
69	17
7	2
70	2
71	20
72	2
73	18
74	14
75	2
76	2
77	2
78	17
79	35
8	16
80	14
81	15
82	2
83	18
84	26
85	2
86	14
87	2
88	15
89	15
9	2
90	11
91	14
92	15
93	2
94	2
95	2
96	2
97	2
98	2
99	17
;


end;
