data;

param broj_grana:=128;
param N:=100;
param L1:=0.0019881;
param L2:=0.0004970;

set FC:=
f1
f2
f3
;

set V:=
1
2
3
4
5
6
7
8
9
10
11
12
13
14
15
16
17
18
19
20
21
22
23
24
25
26
27
28
29
30
31
32
33
34
35
36
37
38
39
40
41
42
43
44
45
46
47
48
49
50
51
52
53
54
55
56
57
58
59
60
61
62
63
64
65
66
67
68
69
70
71
72
73
74
75
76
77
78
79
80
81
82
83
84
85
86
87
88
89
90
91
92
93
94
95
96
97
98
99
100
;

set F[f1]:=
1
2
3
4
5
6
7
8
9
10
11
12
13
14
15
16
17
18
19
20
21
22
23
24
25
26
27
28
29
30
31
32
33
34
35
36
37
38
39
40
;

set F[f2]:=
41
42
43
44
45
46
47
48
49
50
51
52
53
54
55
56
57
58
59
60
61
62
63
64
65
66
67
68
69
70
;

set F[f3]:=
71
72
73
74
75
76
77
78
79
80
81
82
83
84
85
86
87
88
89
90
91
92
93
94
95
96
97
98
99
100
;


set E:=
(30,27)
(27,3)
(3,18)
(18,36)
(36,20)
(20,19)
(19,30)
(20,36)
(3,27)
(39,2)
(2,38)
(38,10)
(10,11)
(11,24)
(24,5)
(5,39)
(10,38)
(24,11)
(31,26)
(26,25)
(25,7)
(7,35)
(35,14)
(14,16)
(16,31)
(25,26)
(7,25)
(9,33)
(33,34)
(34,4)
(4,13)
(13,17)
(17,15)
(15,9)
(4,34)
(9,15)
(37,32)
(32,28)
(28,8)
(8,6)
(6,22)
(22,12)
(12,37)
(28,32)
(32,37)
(40,23)
(23,1)
(1,29)
(29,21)
(21,40)
(1,23)
(29,1)
(45,70)
(70,56)
(56,57)
(57,62)
(62,66)
(66,48)
(48,45)
(70,45)
(56,70)
(52,49)
(49,44)
(44,59)
(59,46)
(46,53)
(53,60)
(60,52)
(52,60)
(46,59)
(43,42)
(42,47)
(47,64)
(64,69)
(69,51)
(51,50)
(50,43)
(47,42)
(64,47)
(68,67)
(67,63)
(63,58)
(58,55)
(55,61)
(61,41)
(41,68)
(58,63)
(68,41)
(54,65)
(65,54)
(83,86)
(86,94)
(94,78)
(78,73)
(73,82)
(82,84)
(84,83)
(78,94)
(82,73)
(76,92)
(92,80)
(80,97)
(97,98)
(98,88)
(88,89)
(89,76)
(97,80)
(92,76)
(79,74)
(74,96)
(96,81)
(81,100)
(100,95)
(95,71)
(71,79)
(81,96)
(100,81)
(72,90)
(90,87)
(87,77)
(77,93)
(93,85)
(85,91)
(91,72)
(91,85)
(93,77)
(99,75)
(75,99)
;

param b:=
[30,27] 1
[27,3] 8
[3,18] 1
[18,36] 1
[36,20] 5
[20,19] 1
[19,30] 1
[20,36] 5
[3,27] 7
[39,2] 1
[2,38] 1
[38,10] 9
[10,11] 1
[11,24] 7
[24,5] 1
[5,39] 1
[10,38] 6
[24,11] 6
[31,26] 1
[26,25] 9
[25,7] 7
[7,35] 1
[35,14] 1
[14,16] 1
[16,31] 1
[25,26] 8
[7,25] 5
[9,33] 1
[33,34] 1
[34,4] 7
[4,13] 1
[13,17] 1
[17,15] 1
[15,9] 6
[4,34] 5
[9,15] 6
[37,32] 7
[32,28] 9
[28,8] 1
[8,6] 1
[6,22] 1
[22,12] 1
[12,37] 1
[28,32] 6
[32,37] 7
[40,23] 1
[23,1] 10
[1,29] 5
[29,21] 1
[21,40] 1
[1,23] 10
[29,1] 7
[45,70] 9
[70,56] 9
[56,57] 1
[57,62] 1
[62,66] 1
[66,48] 1
[48,45] 1
[70,45] 9
[56,70] 5
[52,49] 1
[49,44] 1
[44,59] 1
[59,46] 6
[46,53] 1
[53,60] 1
[60,52] 5
[52,60] 5
[46,59] 7
[43,42] 1
[42,47] 6
[47,64] 8
[64,69] 1
[69,51] 1
[51,50] 1
[50,43] 1
[47,42] 5
[64,47] 10
[68,67] 1
[67,63] 1
[63,58] 6
[58,55] 1
[55,61] 1
[61,41] 1
[41,68] 9
[58,63] 8
[68,41] 6
[54,65] 8
[65,54] 10
[83,86] 1
[86,94] 1
[94,78] 8
[78,73] 1
[73,82] 7
[82,84] 1
[84,83] 1
[78,94] 6
[82,73] 5
[76,92] 10
[92,80] 1
[80,97] 10
[97,98] 1
[98,88] 1
[88,89] 1
[89,76] 1
[97,80] 5
[92,76] 10
[79,74] 1
[74,96] 1
[96,81] 6
[81,100] 6
[100,95] 1
[95,71] 1
[71,79] 1
[81,96] 7
[100,81] 8
[72,90] 1
[90,87] 1
[87,77] 1
[77,93] 7
[93,85] 1
[85,91] 8
[91,72] 1
[91,85] 5
[93,77] 9
[99,75] 10
[75,99] 10
;

param d:=
1	32
10	16
100	15
11	14
12	2
13	2
14	2
15	13
16	2
17	2
18	2
19	2
2	2
20	11
21	2
22	2
23	21
24	14
25	29
26	18
27	16
28	16
29	13
3	16
30	2
31	2
32	29
33	2
34	13
35	2
36	11
37	15
38	16
39	2
4	13
40	2
41	16
42	12
43	2
44	2
45	19
46	14
47	29
48	2
49	2
5	2
50	2
51	2
52	11
53	2
54	18
55	2
56	15
57	2
58	15
59	14
6	2
60	11
61	2
62	2
63	15
64	19
65	18
66	2
67	2
68	16
69	2
7	13
70	32
71	2
72	2
73	13
74	2
75	20
76	21
77	17
78	15
79	2
8	2
80	16
81	27
82	13
83	2
84	2
85	14
86	2
87	2
88	2
89	2
9	13
90	2
91	14
92	21
93	17
94	15
95	2
96	14
97	16
98	2
99	20
;


end;
