data;

param broj_grana:=128;
param N:=100;
param L1:=0.0019048;
param L2:=0.0004762;

set FC:=
f1
f2
f3
;

set V:=
1
2
3
4
5
6
7
8
9
10
11
12
13
14
15
16
17
18
19
20
21
22
23
24
25
26
27
28
29
30
31
32
33
34
35
36
37
38
39
40
41
42
43
44
45
46
47
48
49
50
51
52
53
54
55
56
57
58
59
60
61
62
63
64
65
66
67
68
69
70
71
72
73
74
75
76
77
78
79
80
81
82
83
84
85
86
87
88
89
90
91
92
93
94
95
96
97
98
99
100
;

set F[f1]:=
1
2
3
4
5
6
7
8
9
10
11
12
13
14
15
16
17
18
19
20
21
22
23
24
25
26
27
28
29
30
31
32
33
34
35
36
37
38
39
40
;

set F[f2]:=
41
42
43
44
45
46
47
48
49
50
51
52
53
54
55
56
57
58
59
60
61
62
63
64
65
66
67
68
69
70
;

set F[f3]:=
71
72
73
74
75
76
77
78
79
80
81
82
83
84
85
86
87
88
89
90
91
92
93
94
95
96
97
98
99
100
;


set E:=
(40,27)
(27,3)
(3,35)
(35,16)
(16,25)
(25,28)
(28,40)
(27,40)
(28,25)
(15,5)
(5,22)
(22,7)
(7,4)
(4,29)
(29,14)
(14,15)
(4,7)
(14,29)
(19,30)
(30,9)
(9,18)
(18,33)
(33,11)
(11,20)
(20,19)
(20,11)
(19,20)
(2,17)
(17,37)
(37,36)
(36,34)
(34,39)
(39,26)
(26,2)
(36,37)
(37,17)
(8,24)
(24,6)
(6,23)
(23,38)
(38,21)
(21,12)
(12,8)
(8,12)
(12,21)
(1,13)
(13,31)
(31,10)
(10,32)
(32,1)
(13,1)
(10,31)
(41,62)
(62,47)
(47,70)
(70,57)
(57,45)
(45,52)
(52,41)
(45,57)
(57,70)
(42,69)
(69,49)
(49,60)
(60,68)
(68,64)
(64,66)
(66,42)
(60,49)
(49,69)
(50,54)
(54,58)
(58,55)
(55,51)
(51,53)
(53,61)
(61,50)
(55,58)
(58,54)
(67,43)
(43,65)
(65,44)
(44,63)
(63,59)
(59,56)
(56,67)
(67,56)
(43,67)
(46,48)
(48,46)
(78,98)
(98,79)
(79,96)
(96,75)
(75,81)
(81,87)
(87,78)
(78,87)
(87,81)
(92,90)
(90,88)
(88,76)
(76,73)
(73,85)
(85,80)
(80,92)
(88,90)
(85,73)
(82,97)
(97,89)
(89,94)
(94,84)
(84,71)
(71,95)
(95,82)
(95,71)
(71,84)
(83,99)
(99,72)
(72,91)
(91,100)
(100,86)
(86,77)
(77,83)
(91,72)
(86,100)
(93,74)
(74,93)
;

param b:=
[40,27] 5
[27,3] 1
[3,35] 1
[35,16] 1
[16,25] 1
[25,28] 8
[28,40] 1
[27,40] 8
[28,25] 5
[15,5] 1
[5,22] 1
[22,7] 1
[7,4] 8
[4,29] 1
[29,14] 9
[14,15] 1
[4,7] 10
[14,29] 7
[19,30] 1
[30,9] 1
[9,18] 1
[18,33] 1
[33,11] 1
[11,20] 5
[20,19] 8
[20,11] 7
[19,20] 8
[2,17] 1
[17,37] 6
[37,36] 9
[36,34] 1
[34,39] 1
[39,26] 1
[26,2] 1
[36,37] 9
[37,17] 10
[8,24] 1
[24,6] 1
[6,23] 1
[23,38] 1
[38,21] 1
[21,12] 9
[12,8] 10
[8,12] 9
[12,21] 7
[1,13] 10
[13,31] 1
[31,10] 6
[10,32] 1
[32,1] 1
[13,1] 10
[10,31] 10
[41,62] 1
[62,47] 1
[47,70] 1
[70,57] 10
[57,45] 10
[45,52] 1
[52,41] 1
[45,57] 5
[57,70] 9
[42,69] 1
[69,49] 9
[49,60] 10
[60,68] 1
[68,64] 1
[64,66] 1
[66,42] 1
[60,49] 5
[49,69] 9
[50,54] 1
[54,58] 5
[58,55] 10
[55,51] 1
[51,53] 1
[53,61] 1
[61,50] 1
[55,58] 9
[58,54] 10
[67,43] 9
[43,65] 1
[65,44] 1
[44,63] 1
[63,59] 1
[59,56] 1
[56,67] 8
[67,56] 5
[43,67] 5
[46,48] 7
[48,46] 8
[78,98] 1
[98,79] 1
[79,96] 1
[96,75] 1
[75,81] 1
[81,87] 10
[87,78] 8
[78,87] 8
[87,81] 5
[92,90] 1
[90,88] 5
[88,76] 1
[76,73] 1
[73,85] 5
[85,80] 1
[80,92] 1
[88,90] 7
[85,73] 5
[82,97] 1
[97,89] 1
[89,94] 1
[94,84] 1
[84,71] 5
[71,95] 5
[95,82] 1
[95,71] 6
[71,84] 6
[83,99] 1
[99,72] 1
[72,91] 8
[91,100] 1
[100,86] 6
[86,77] 1
[77,83] 1
[91,72] 8
[86,100] 9
[93,74] 10
[74,93] 5
;

param d:=
1	21
10	17
100	16
11	13
12	35
13	21
14	17
15	2
16	2
17	17
18	2
19	17
2	2
20	28
21	17
22	2
23	2
24	2
25	14
26	2
27	14
28	14
29	17
3	2
30	2
31	17
32	2
33	2
34	2
35	2
36	19
37	34
38	2
39	2
4	19
40	14
41	2
42	2
43	15
44	2
45	16
46	15
47	2
48	15
49	33
5	2
50	2
51	2
52	2
53	2
54	16
55	20
56	14
57	34
58	34
59	2
6	2
60	16
61	2
62	2
63	2
64	2
65	2
66	2
67	27
68	2
69	19
7	19
70	20
71	22
72	17
73	11
74	15
75	2
76	2
77	2
78	17
79	2
8	20
80	2
81	16
82	2
83	2
84	12
85	11
86	16
87	31
88	13
89	2
9	2
90	13
91	17
92	2
93	15
94	2
95	12
96	2
97	2
98	2
99	2
;


end;
