data;

param broj_grana:=77;
param N:=60;
param L1:=0.0030960;
param L2:=0.0007740;

set FC:=
f1
f2
f3
;

set V:=
1
2
3
4
5
6
7
8
9
10
11
12
13
14
15
16
17
18
19
20
21
22
23
24
25
26
27
28
29
30
31
32
33
34
35
36
37
38
39
40
41
42
43
44
45
46
47
48
49
50
51
52
53
54
55
56
57
58
59
60
;

set F[f1]:=
1
2
3
4
5
6
7
8
9
10
11
12
13
14
15
16
17
18
19
20
21
22
23
24
;

set F[f2]:=
25
26
27
28
29
30
31
32
33
34
35
36
37
38
39
40
41
42
;

set F[f3]:=
43
44
45
46
47
48
49
50
51
52
53
54
55
56
57
58
59
60
;


set E:=
(11,16)
(16,13)
(13,5)
(5,17)
(17,1)
(1,15)
(15,11)
(16,11)
(1,17)
(2,18)
(18,7)
(7,8)
(8,14)
(14,24)
(24,6)
(6,2)
(18,2)
(6,24)
(10,9)
(9,12)
(12,4)
(4,19)
(19,22)
(22,21)
(21,10)
(9,10)
(22,19)
(23,3)
(3,20)
(20,23)
(23,20)
(28,27)
(27,25)
(25,38)
(38,32)
(32,36)
(36,41)
(41,28)
(27,28)
(32,38)
(40,35)
(35,37)
(37,26)
(26,42)
(42,30)
(30,33)
(33,40)
(35,40)
(33,30)
(34,39)
(39,31)
(31,29)
(29,34)
(34,29)
(51,56)
(56,52)
(52,54)
(54,46)
(46,44)
(44,49)
(49,51)
(56,51)
(51,49)
(47,43)
(43,59)
(59,57)
(57,45)
(45,53)
(53,55)
(55,47)
(43,47)
(47,55)
(60,50)
(50,58)
(58,48)
(48,60)
(60,48)
;

param b:=
[11,16] 8
[16,13] 1
[13,5] 1
[5,17] 1
[17,1] 9
[1,15] 1
[15,11] 1
[16,11] 10
[1,17] 8
[2,18] 8
[18,7] 1
[7,8] 1
[8,14] 1
[14,24] 1
[24,6] 10
[6,2] 1
[18,2] 5
[6,24] 9
[10,9] 8
[9,12] 1
[12,4] 1
[4,19] 1
[19,22] 7
[22,21] 1
[21,10] 1
[9,10] 9
[22,19] 8
[23,3] 1
[3,20] 1
[20,23] 8
[23,20] 8
[28,27] 9
[27,25] 1
[25,38] 1
[38,32] 8
[32,36] 1
[36,41] 1
[41,28] 1
[27,28] 10
[32,38] 10
[40,35] 7
[35,37] 1
[37,26] 1
[26,42] 1
[42,30] 1
[30,33] 10
[33,40] 1
[35,40] 10
[33,30] 10
[34,39] 1
[39,31] 1
[31,29] 1
[29,34] 10
[34,29] 10
[51,56] 5
[56,52] 1
[52,54] 1
[54,46] 1
[46,44] 1
[44,49] 1
[49,51] 7
[56,51] 10
[51,49] 9
[47,43] 7
[43,59] 1
[59,57] 1
[57,45] 1
[45,53] 1
[53,55] 1
[55,47] 6
[43,47] 8
[47,55] 5
[60,50] 1
[50,58] 1
[58,48] 1
[48,60] 8
[60,48] 6
;

param d:=
1	18
10	18
11	19
12	2
13	2
14	2
15	2
16	19
17	18
18	14
19	16
2	14
20	17
21	2
22	16
23	17
24	20
25	2
26	2
27	20
28	20
29	21
3	2
30	21
31	2
32	19
33	21
34	21
35	18
36	2
37	2
38	19
39	2
4	2
40	18
41	2
42	2
43	16
44	2
45	2
46	2
47	26
48	15
49	17
5	2
50	2
51	31
52	2
53	2
54	2
55	12
56	16
57	2
58	2
59	2
6	20
60	15
7	2
8	2
9	18
;


end;
