data;

param broj_grana:=77;
param N:=60;
param L1:=0.0032573;
param L2:=0.0008143;

set FC:=
f1
f2
f3
;

set V:=
1
2
3
4
5
6
7
8
9
10
11
12
13
14
15
16
17
18
19
20
21
22
23
24
25
26
27
28
29
30
31
32
33
34
35
36
37
38
39
40
41
42
43
44
45
46
47
48
49
50
51
52
53
54
55
56
57
58
59
60
;

set F[f1]:=
1
2
3
4
5
6
7
8
9
10
11
12
13
14
15
16
17
18
19
20
21
22
23
24
;

set F[f2]:=
25
26
27
28
29
30
31
32
33
34
35
36
37
38
39
40
41
42
;

set F[f3]:=
43
44
45
46
47
48
49
50
51
52
53
54
55
56
57
58
59
60
;


set E:=
(12,23)
(23,20)
(20,6)
(6,22)
(22,3)
(3,2)
(2,12)
(12,2)
(6,20)
(11,8)
(8,16)
(16,9)
(9,18)
(18,15)
(15,5)
(5,11)
(18,9)
(16,8)
(1,4)
(4,21)
(21,19)
(19,24)
(24,13)
(13,14)
(14,1)
(19,21)
(4,1)
(10,7)
(7,17)
(17,10)
(10,17)
(38,41)
(41,37)
(37,40)
(40,31)
(31,39)
(39,33)
(33,38)
(33,39)
(37,41)
(42,27)
(27,34)
(34,26)
(26,30)
(30,36)
(36,35)
(35,42)
(42,35)
(30,26)
(29,28)
(28,25)
(25,32)
(32,29)
(32,25)
(56,57)
(57,46)
(46,60)
(60,54)
(54,52)
(52,48)
(48,56)
(56,48)
(60,46)
(43,47)
(47,51)
(51,59)
(59,58)
(58,45)
(45,53)
(53,43)
(47,43)
(58,59)
(44,55)
(55,49)
(49,50)
(50,44)
(55,44)
;

param b:=
[12,23] 1
[23,20] 1
[20,6] 8
[6,22] 1
[22,3] 1
[3,2] 1
[2,12] 10
[12,2] 5
[6,20] 7
[11,8] 1
[8,16] 9
[16,9] 1
[9,18] 8
[18,15] 1
[15,5] 1
[5,11] 1
[18,9] 10
[16,8] 5
[1,4] 9
[4,21] 1
[21,19] 10
[19,24] 1
[24,13] 1
[13,14] 1
[14,1] 1
[19,21] 7
[4,1] 9
[10,7] 1
[7,17] 1
[17,10] 7
[10,17] 5
[38,41] 1
[41,37] 9
[37,40] 1
[40,31] 1
[31,39] 1
[39,33] 8
[33,38] 1
[33,39] 10
[37,41] 5
[42,27] 1
[27,34] 1
[34,26] 1
[26,30] 5
[30,36] 1
[36,35] 1
[35,42] 9
[42,35] 8
[30,26] 6
[29,28] 1
[28,25] 1
[25,32] 9
[32,29] 1
[32,25] 10
[56,57] 1
[57,46] 1
[46,60] 6
[60,54] 1
[54,52] 1
[52,48] 1
[48,56] 9
[56,48] 7
[60,46] 5
[43,47] 9
[47,51] 1
[51,59] 1
[59,58] 9
[58,45] 1
[45,53] 1
[53,43] 1
[47,43] 5
[58,59] 6
[44,55] 10
[55,49] 1
[49,50] 1
[50,44] 1
[55,44] 10
;

param d:=
1	19
10	13
11	2
12	16
13	2
14	2
15	2
16	15
17	13
18	19
19	18
2	16
20	16
21	18
22	2
23	2
24	2
25	20
26	12
27	2
28	2
29	2
3	2
30	12
31	2
32	20
33	19
34	2
35	18
36	2
37	15
38	2
39	19
4	19
40	2
41	15
42	18
43	15
44	21
45	2
46	12
47	15
48	17
49	2
5	2
50	2
51	2
52	2
53	2
54	2
55	21
56	17
57	2
58	16
59	16
6	16
60	12
7	2
8	15
9	19
;


end;
