data;

param broj_grana:=77;
param N:=60;
param L1:=0.0031746;
param L2:=0.0007937;

set FC:=
f1
f2
f3
;

set V:=
1
2
3
4
5
6
7
8
9
10
11
12
13
14
15
16
17
18
19
20
21
22
23
24
25
26
27
28
29
30
31
32
33
34
35
36
37
38
39
40
41
42
43
44
45
46
47
48
49
50
51
52
53
54
55
56
57
58
59
60
;

set F[f1]:=
1
2
3
4
5
6
7
8
9
10
11
12
13
14
15
16
17
18
19
20
21
22
23
24
;

set F[f2]:=
25
26
27
28
29
30
31
32
33
34
35
36
37
38
39
40
41
42
;

set F[f3]:=
43
44
45
46
47
48
49
50
51
52
53
54
55
56
57
58
59
60
;


set E:=
(12,6)
(6,22)
(22,2)
(2,16)
(16,17)
(17,14)
(14,12)
(12,14)
(22,6)
(24,10)
(10,20)
(20,5)
(5,15)
(15,1)
(1,21)
(21,24)
(5,20)
(21,1)
(18,9)
(9,8)
(8,19)
(19,13)
(13,23)
(23,3)
(3,18)
(8,9)
(18,3)
(7,11)
(11,4)
(4,7)
(7,4)
(34,28)
(28,26)
(26,30)
(30,29)
(29,25)
(25,33)
(33,34)
(25,29)
(30,26)
(37,36)
(36,35)
(35,40)
(40,41)
(41,38)
(38,27)
(27,37)
(38,41)
(41,40)
(42,32)
(32,31)
(31,39)
(39,42)
(39,31)
(59,43)
(43,52)
(52,46)
(46,51)
(51,57)
(57,55)
(55,59)
(57,51)
(59,55)
(60,56)
(56,50)
(50,58)
(58,44)
(44,45)
(45,53)
(53,60)
(45,44)
(44,58)
(49,54)
(54,47)
(47,48)
(48,49)
(54,49)
;

param b:=
[12,6] 1
[6,22] 8
[22,2] 1
[2,16] 1
[16,17] 1
[17,14] 1
[14,12] 7
[12,14] 5
[22,6] 9
[24,10] 1
[10,20] 1
[20,5] 9
[5,15] 1
[15,1] 1
[1,21] 5
[21,24] 1
[5,20] 9
[21,1] 6
[18,9] 1
[9,8] 7
[8,19] 1
[19,13] 1
[13,23] 1
[23,3] 1
[3,18] 9
[8,9] 9
[18,3] 10
[7,11] 1
[11,4] 1
[4,7] 8
[7,4] 9
[34,28] 1
[28,26] 1
[26,30] 9
[30,29] 1
[29,25] 8
[25,33] 1
[33,34] 1
[25,29] 9
[30,26] 8
[37,36] 1
[36,35] 1
[35,40] 1
[40,41] 5
[41,38] 7
[38,27] 1
[27,37] 1
[38,41] 10
[41,40] 9
[42,32] 1
[32,31] 1
[31,39] 7
[39,42] 1
[39,31] 7
[59,43] 1
[43,52] 1
[52,46] 1
[46,51] 1
[51,57] 9
[57,55] 1
[55,59] 9
[57,51] 8
[59,55] 8
[60,56] 1
[56,50] 1
[50,58] 1
[58,44] 9
[44,45] 6
[45,53] 1
[53,60] 1
[45,44] 7
[44,58] 7
[49,54] 10
[54,47] 1
[47,48] 1
[48,49] 1
[54,49] 10
;

param d:=
1	12
10	2
11	2
12	13
13	2
14	13
15	2
16	2
17	2
18	20
19	2
2	2
20	19
21	12
22	18
23	2
24	2
25	18
26	18
27	2
28	2
29	18
3	20
30	18
31	15
32	2
33	2
34	2
35	2
36	2
37	2
38	18
39	15
4	18
40	15
41	31
42	2
43	2
44	29
45	14
46	2
47	2
48	2
49	21
5	19
50	2
51	18
52	2
53	2
54	21
55	18
56	2
57	18
58	17
59	18
6	18
60	2
7	18
8	17
9	17
;


end;
