data;

param broj_grana:=77;
param N:=60;
param L1:=0.0033784;
param L2:=0.0008446;

set FC:=
f1
f2
f3
;

set V:=
1
2
3
4
5
6
7
8
9
10
11
12
13
14
15
16
17
18
19
20
21
22
23
24
25
26
27
28
29
30
31
32
33
34
35
36
37
38
39
40
41
42
43
44
45
46
47
48
49
50
51
52
53
54
55
56
57
58
59
60
;

set F[f1]:=
1
2
3
4
5
6
7
8
9
10
11
12
13
14
15
16
17
18
19
20
21
22
23
24
;

set F[f2]:=
25
26
27
28
29
30
31
32
33
34
35
36
37
38
39
40
41
42
;

set F[f3]:=
43
44
45
46
47
48
49
50
51
52
53
54
55
56
57
58
59
60
;


set E:=
(13,18)
(18,23)
(23,22)
(22,8)
(8,1)
(1,10)
(10,13)
(22,23)
(18,13)
(14,19)
(19,7)
(7,21)
(21,2)
(2,6)
(6,9)
(9,14)
(21,7)
(9,6)
(4,15)
(15,20)
(20,5)
(5,16)
(16,3)
(3,24)
(24,4)
(3,16)
(16,5)
(17,12)
(12,11)
(11,17)
(12,17)
(35,30)
(30,25)
(25,38)
(38,28)
(28,37)
(37,36)
(36,35)
(28,38)
(36,37)
(39,29)
(29,34)
(34,40)
(40,42)
(42,31)
(31,27)
(27,39)
(42,40)
(31,42)
(32,41)
(41,26)
(26,33)
(33,32)
(41,32)
(59,60)
(60,55)
(55,56)
(56,45)
(45,51)
(51,57)
(57,59)
(45,56)
(55,60)
(53,52)
(52,49)
(49,44)
(44,50)
(50,48)
(48,47)
(47,53)
(47,48)
(53,47)
(46,54)
(54,58)
(58,43)
(43,46)
(58,54)
;

param b:=
[13,18] 6
[18,23] 1
[23,22] 9
[22,8] 1
[8,1] 1
[1,10] 1
[10,13] 1
[22,23] 6
[18,13] 5
[14,19] 1
[19,7] 1
[7,21] 9
[21,2] 1
[2,6] 1
[6,9] 5
[9,14] 1
[21,7] 5
[9,6] 9
[4,15] 1
[15,20] 1
[20,5] 1
[5,16] 6
[16,3] 8
[3,24] 1
[24,4] 1
[3,16] 8
[16,5] 9
[17,12] 10
[12,11] 1
[11,17] 1
[12,17] 6
[35,30] 1
[30,25] 1
[25,38] 1
[38,28] 5
[28,37] 1
[37,36] 6
[36,35] 1
[28,38] 6
[36,37] 8
[39,29] 1
[29,34] 1
[34,40] 1
[40,42] 9
[42,31] 7
[31,27] 1
[27,39] 1
[42,40] 8
[31,42] 10
[32,41] 9
[41,26] 1
[26,33] 1
[33,32] 1
[41,32] 10
[59,60] 1
[60,55] 5
[55,56] 1
[56,45] 9
[45,51] 1
[51,57] 1
[57,59] 1
[45,56] 7
[55,60] 6
[53,52] 1
[52,49] 1
[49,44] 1
[44,50] 1
[50,48] 1
[48,47] 6
[47,53] 8
[47,48] 10
[53,47] 8
[46,54] 1
[54,58] 5
[58,43] 1
[43,46] 1
[58,54] 10
;

param d:=
1	2
10	2
11	2
12	17
13	12
14	2
15	2
16	31
17	17
18	12
19	2
2	2
20	2
21	15
22	16
23	16
24	2
25	2
26	2
27	2
28	12
29	2
3	17
30	2
31	18
32	20
33	2
34	2
35	2
36	15
37	15
38	12
39	2
4	2
40	18
41	20
42	34
43	2
44	2
45	17
46	2
47	32
48	17
49	2
5	16
50	2
51	2
52	2
53	17
54	16
55	12
56	17
57	2
58	16
59	2
6	15
60	12
7	15
8	2
9	15
;


end;
