data;

param broj_grana:=77;
param N:=60;
param L1:=0.0034843;
param L2:=0.0008711;

set FC:=
f1
f2
f3
;

set V:=
1
2
3
4
5
6
7
8
9
10
11
12
13
14
15
16
17
18
19
20
21
22
23
24
25
26
27
28
29
30
31
32
33
34
35
36
37
38
39
40
41
42
43
44
45
46
47
48
49
50
51
52
53
54
55
56
57
58
59
60
;

set F[f1]:=
1
2
3
4
5
6
7
8
9
10
11
12
13
14
15
16
17
18
19
20
21
22
23
24
;

set F[f2]:=
25
26
27
28
29
30
31
32
33
34
35
36
37
38
39
40
41
42
;

set F[f3]:=
43
44
45
46
47
48
49
50
51
52
53
54
55
56
57
58
59
60
;


set E:=
(22,20)
(20,4)
(4,12)
(12,5)
(5,8)
(8,17)
(17,22)
(17,8)
(22,17)
(23,13)
(13,3)
(3,18)
(18,10)
(10,19)
(19,24)
(24,23)
(10,18)
(3,13)
(21,9)
(9,1)
(1,11)
(11,7)
(7,14)
(14,15)
(15,21)
(14,7)
(15,14)
(2,6)
(6,16)
(16,2)
(16,6)
(29,35)
(35,25)
(25,27)
(27,30)
(30,41)
(41,36)
(36,29)
(29,36)
(36,41)
(33,42)
(42,31)
(31,40)
(40,38)
(38,28)
(28,34)
(34,33)
(33,34)
(34,28)
(32,26)
(26,39)
(39,37)
(37,32)
(26,32)
(60,45)
(45,53)
(53,52)
(52,44)
(44,51)
(51,47)
(47,60)
(45,60)
(52,53)
(58,59)
(59,48)
(48,55)
(55,56)
(56,50)
(50,46)
(46,58)
(58,46)
(48,59)
(54,49)
(49,43)
(43,57)
(57,54)
(43,49)
;

param b:=
[22,20] 1
[20,4] 1
[4,12] 1
[12,5] 1
[5,8] 1
[8,17] 6
[17,22] 8
[17,8] 7
[22,17] 7
[23,13] 1
[13,3] 9
[3,18] 1
[18,10] 5
[10,19] 1
[19,24] 1
[24,23] 1
[10,18] 7
[3,13] 7
[21,9] 1
[9,1] 1
[1,11] 1
[11,7] 1
[7,14] 10
[14,15] 5
[15,21] 1
[14,7] 7
[15,14] 5
[2,6] 1
[6,16] 8
[16,2] 1
[16,6] 6
[29,35] 1
[35,25] 1
[25,27] 1
[27,30] 1
[30,41] 1
[41,36] 6
[36,29] 9
[29,36] 8
[36,41] 5
[33,42] 1
[42,31] 1
[31,40] 1
[40,38] 1
[38,28] 1
[28,34] 5
[34,33] 5
[33,34] 8
[34,28] 7
[32,26] 10
[26,39] 1
[39,37] 1
[37,32] 1
[26,32] 7
[60,45] 9
[45,53] 1
[53,52] 5
[52,44] 1
[44,51] 1
[51,47] 1
[47,60] 1
[45,60] 10
[52,53] 7
[58,59] 1
[59,48] 9
[48,55] 1
[55,56] 1
[56,50] 1
[50,46] 1
[46,58] 5
[58,46] 10
[48,59] 9
[54,49] 1
[49,43] 5
[43,57] 1
[57,54] 1
[43,49] 8
;

param d:=
1	2
10	13
11	2
12	2
13	17
14	27
15	11
16	15
17	28
18	13
19	2
2	2
20	2
21	2
22	16
23	2
24	2
25	2
26	18
27	2
28	13
29	18
3	17
30	2
31	2
32	18
33	14
34	25
35	2
36	28
37	2
38	2
39	2
4	2
40	2
41	12
42	2
43	14
44	2
45	20
46	16
47	2
48	19
49	14
5	2
50	2
51	2
52	13
53	13
54	2
55	2
56	2
57	2
58	16
59	19
6	15
60	20
7	18
8	14
9	2
;


end;
