data;

param broj_grana:=77;
param N:=60;
param L1:=0.0033557;
param L2:=0.0008389;

set FC:=
f1
f2
f3
;

set V:=
1
2
3
4
5
6
7
8
9
10
11
12
13
14
15
16
17
18
19
20
21
22
23
24
25
26
27
28
29
30
31
32
33
34
35
36
37
38
39
40
41
42
43
44
45
46
47
48
49
50
51
52
53
54
55
56
57
58
59
60
;

set F[f1]:=
1
2
3
4
5
6
7
8
9
10
11
12
13
14
15
16
17
18
19
20
21
22
23
24
;

set F[f2]:=
25
26
27
28
29
30
31
32
33
34
35
36
37
38
39
40
41
42
;

set F[f3]:=
43
44
45
46
47
48
49
50
51
52
53
54
55
56
57
58
59
60
;


set E:=
(20,2)
(2,5)
(5,4)
(4,10)
(10,23)
(23,11)
(11,20)
(4,5)
(10,4)
(1,18)
(18,19)
(19,16)
(16,8)
(8,24)
(24,17)
(17,1)
(24,8)
(17,24)
(7,14)
(14,6)
(6,13)
(13,9)
(9,21)
(21,12)
(12,7)
(6,14)
(13,6)
(15,3)
(3,22)
(22,15)
(3,15)
(29,32)
(32,38)
(38,26)
(26,28)
(28,35)
(35,31)
(31,29)
(26,38)
(35,28)
(25,36)
(36,27)
(27,34)
(34,30)
(30,42)
(42,41)
(41,25)
(41,42)
(42,30)
(33,39)
(39,40)
(40,37)
(37,33)
(39,33)
(55,46)
(46,57)
(57,43)
(43,47)
(47,59)
(59,52)
(52,55)
(47,43)
(43,57)
(45,56)
(56,60)
(60,44)
(44,53)
(53,58)
(58,50)
(50,45)
(44,60)
(56,45)
(48,51)
(51,49)
(49,54)
(54,48)
(51,48)
;

param b:=
[20,2] 1
[2,5] 1
[5,4] 9
[4,10] 9
[10,23] 1
[23,11] 1
[11,20] 1
[4,5] 7
[10,4] 8
[1,18] 1
[18,19] 1
[19,16] 1
[16,8] 1
[8,24] 5
[24,17] 10
[17,1] 1
[24,8] 6
[17,24] 8
[7,14] 1
[14,6] 7
[6,13] 10
[13,9] 1
[9,21] 1
[21,12] 1
[12,7] 1
[6,14] 6
[13,6] 10
[15,3] 9
[3,22] 1
[22,15] 1
[3,15] 6
[29,32] 1
[32,38] 1
[38,26] 8
[26,28] 1
[28,35] 7
[35,31] 1
[31,29] 1
[26,38] 6
[35,28] 10
[25,36] 1
[36,27] 1
[27,34] 1
[34,30] 1
[30,42] 7
[42,41] 9
[41,25] 1
[41,42] 9
[42,30] 5
[33,39] 10
[39,40] 1
[40,37] 1
[37,33] 1
[39,33] 10
[55,46] 1
[46,57] 1
[57,43] 5
[43,47] 6
[47,59] 1
[59,52] 1
[52,55] 1
[47,43] 6
[43,57] 9
[45,56] 8
[56,60] 1
[60,44] 6
[44,53] 1
[53,58] 1
[58,50] 1
[50,45] 1
[44,60] 8
[56,45] 6
[48,51] 5
[51,49] 1
[49,54] 1
[54,48] 1
[51,48] 5
;

param d:=
1	2
10	18
11	2
12	2
13	21
14	14
15	16
16	2
17	19
18	2
19	2
2	2
20	2
21	2
22	2
23	2
24	29
25	2
26	15
27	2
28	18
29	2
3	16
30	13
31	2
32	2
33	21
34	2
35	18
36	2
37	2
38	15
39	21
4	33
40	2
41	19
42	30
43	26
44	15
45	15
46	2
47	13
48	11
49	2
5	17
50	2
51	11
52	2
53	2
54	2
55	2
56	15
57	15
58	2
59	2
6	33
60	15
7	2
8	12
9	2
;


end;
