data;

param broj_grana:=77;
param N:=60;
param L1:=0.0034483;
param L2:=0.0008621;

set FC:=
f1
f2
f3
;

set V:=
1
2
3
4
5
6
7
8
9
10
11
12
13
14
15
16
17
18
19
20
21
22
23
24
25
26
27
28
29
30
31
32
33
34
35
36
37
38
39
40
41
42
43
44
45
46
47
48
49
50
51
52
53
54
55
56
57
58
59
60
;

set F[f1]:=
1
2
3
4
5
6
7
8
9
10
11
12
13
14
15
16
17
18
19
20
21
22
23
24
;

set F[f2]:=
25
26
27
28
29
30
31
32
33
34
35
36
37
38
39
40
41
42
;

set F[f3]:=
43
44
45
46
47
48
49
50
51
52
53
54
55
56
57
58
59
60
;


set E:=
(19,10)
(10,18)
(18,23)
(23,15)
(15,3)
(3,17)
(17,19)
(15,23)
(18,10)
(24,13)
(13,20)
(20,22)
(22,1)
(1,9)
(9,14)
(14,24)
(14,9)
(20,13)
(12,16)
(16,21)
(21,11)
(11,2)
(2,6)
(6,4)
(4,12)
(16,12)
(4,6)
(5,8)
(8,7)
(7,5)
(7,8)
(31,34)
(34,28)
(28,40)
(40,33)
(33,29)
(29,38)
(38,31)
(31,38)
(28,34)
(42,25)
(25,32)
(32,35)
(35,26)
(26,30)
(30,27)
(27,42)
(35,32)
(30,26)
(36,41)
(41,37)
(37,39)
(39,36)
(36,39)
(56,48)
(48,51)
(51,43)
(43,58)
(58,46)
(46,54)
(54,56)
(43,51)
(51,48)
(60,57)
(57,59)
(59,45)
(45,44)
(44,50)
(50,55)
(55,60)
(57,60)
(50,44)
(49,53)
(53,52)
(52,47)
(47,49)
(53,49)
;

param b:=
[19,10] 1
[10,18] 8
[18,23] 1
[23,15] 8
[15,3] 1
[3,17] 1
[17,19] 1
[15,23] 5
[18,10] 10
[24,13] 1
[13,20] 7
[20,22] 1
[22,1] 1
[1,9] 1
[9,14] 6
[14,24] 1
[14,9] 6
[20,13] 6
[12,16] 5
[16,21] 1
[21,11] 1
[11,2] 1
[2,6] 1
[6,4] 10
[4,12] 1
[16,12] 9
[4,6] 5
[5,8] 1
[8,7] 6
[7,5] 1
[7,8] 8
[31,34] 1
[34,28] 6
[28,40] 1
[40,33] 1
[33,29] 1
[29,38] 1
[38,31] 7
[31,38] 5
[28,34] 8
[42,25] 1
[25,32] 1
[32,35] 7
[35,26] 1
[26,30] 8
[30,27] 1
[27,42] 1
[35,32] 9
[30,26] 7
[36,41] 1
[41,37] 1
[37,39] 1
[39,36] 10
[36,39] 5
[56,48] 1
[48,51] 7
[51,43] 7
[43,58] 1
[58,46] 1
[46,54] 1
[54,56] 1
[43,51] 10
[51,48] 5
[60,57] 6
[57,59] 1
[59,45] 1
[45,44] 1
[44,50] 9
[50,55] 1
[55,60] 1
[57,60] 8
[50,44] 9
[49,53] 8
[53,52] 1
[52,47] 1
[47,49] 1
[53,49] 7
;

param d:=
1	2
10	19
11	2
12	15
13	14
14	13
15	14
16	15
17	2
18	19
19	2
2	2
20	14
21	2
22	2
23	14
24	2
25	2
26	16
27	2
28	15
29	2
3	2
30	16
31	13
32	17
33	2
34	15
35	17
36	16
37	2
38	13
39	16
4	16
40	2
41	2
42	2
43	18
44	19
45	2
46	2
47	2
48	13
49	16
5	2
50	19
51	29
52	2
53	16
54	2
55	2
56	2
57	15
58	2
59	2
6	16
60	15
7	15
8	15
9	13
;


end;
