data;

param broj_grana:=77;
param N:=60;
param L1:=0.0034247;
param L2:=0.0008562;

set FC:=
f1
f2
f3
;

set V:=
1
2
3
4
5
6
7
8
9
10
11
12
13
14
15
16
17
18
19
20
21
22
23
24
25
26
27
28
29
30
31
32
33
34
35
36
37
38
39
40
41
42
43
44
45
46
47
48
49
50
51
52
53
54
55
56
57
58
59
60
;

set F[f1]:=
1
2
3
4
5
6
7
8
9
10
11
12
13
14
15
16
17
18
19
20
21
22
23
24
;

set F[f2]:=
25
26
27
28
29
30
31
32
33
34
35
36
37
38
39
40
41
42
;

set F[f3]:=
43
44
45
46
47
48
49
50
51
52
53
54
55
56
57
58
59
60
;


set E:=
(15,18)
(18,22)
(22,10)
(10,23)
(23,5)
(5,7)
(7,15)
(5,23)
(7,5)
(11,2)
(2,1)
(1,24)
(24,4)
(4,3)
(3,17)
(17,11)
(2,11)
(24,1)
(20,19)
(19,12)
(12,14)
(14,16)
(16,13)
(13,9)
(9,20)
(19,20)
(9,13)
(8,21)
(21,6)
(6,8)
(8,6)
(26,28)
(28,41)
(41,29)
(29,31)
(31,27)
(27,39)
(39,26)
(31,29)
(41,28)
(33,36)
(36,35)
(35,37)
(37,30)
(30,38)
(38,42)
(42,33)
(36,33)
(35,36)
(25,32)
(32,40)
(40,34)
(34,25)
(32,25)
(54,48)
(48,50)
(50,53)
(53,44)
(44,57)
(57,47)
(47,54)
(48,54)
(50,48)
(43,60)
(60,45)
(45,58)
(58,59)
(59,49)
(49,52)
(52,43)
(58,45)
(52,49)
(56,51)
(51,55)
(55,46)
(46,56)
(55,51)
;

param b:=
[15,18] 1
[18,22] 1
[22,10] 1
[10,23] 1
[23,5] 7
[5,7] 8
[7,15] 1
[5,23] 10
[7,5] 8
[11,2] 10
[2,1] 1
[1,24] 7
[24,4] 1
[4,3] 1
[3,17] 1
[17,11] 1
[2,11] 5
[24,1] 7
[20,19] 9
[19,12] 1
[12,14] 1
[14,16] 1
[16,13] 1
[13,9] 5
[9,20] 1
[19,20] 9
[9,13] 9
[8,21] 1
[21,6] 1
[6,8] 5
[8,6] 7
[26,28] 1
[28,41] 5
[41,29] 1
[29,31] 5
[31,27] 1
[27,39] 1
[39,26] 1
[31,29] 6
[41,28] 9
[33,36] 8
[36,35] 6
[35,37] 1
[37,30] 1
[30,38] 1
[38,42] 1
[42,33] 1
[36,33] 9
[35,36] 8
[25,32] 6
[32,40] 1
[40,34] 1
[34,25] 1
[32,25] 7
[54,48] 10
[48,50] 6
[50,53] 1
[53,44] 1
[44,57] 1
[57,47] 1
[47,54] 1
[48,54] 8
[50,48] 10
[43,60] 1
[60,45] 1
[45,58] 6
[58,59] 1
[59,49] 1
[49,52] 5
[52,43] 1
[58,45] 7
[52,49] 9
[56,51] 1
[51,55] 6
[55,46] 1
[46,56] 1
[55,51] 7
;

param d:=
1	15
10	2
11	16
12	2
13	15
14	2
15	2
16	2
17	2
18	2
19	19
2	16
20	19
21	2
22	2
23	18
24	15
25	14
26	2
27	2
28	15
29	12
3	2
30	2
31	12
32	14
33	18
34	2
35	15
36	31
37	2
38	2
39	2
4	2
40	2
41	15
42	2
43	2
44	2
45	14
46	2
47	2
48	34
49	15
5	33
50	17
51	14
52	15
53	2
54	19
55	14
56	2
57	2
58	14
59	2
6	13
60	2
7	17
8	13
9	15
;


end;
