data;

param broj_grana:=77;
param N:=60;
param L1:=0.0032680;
param L2:=0.0008170;

set FC:=
f1
f2
f3
;

set V:=
1
2
3
4
5
6
7
8
9
10
11
12
13
14
15
16
17
18
19
20
21
22
23
24
25
26
27
28
29
30
31
32
33
34
35
36
37
38
39
40
41
42
43
44
45
46
47
48
49
50
51
52
53
54
55
56
57
58
59
60
;

set F[f1]:=
1
2
3
4
5
6
7
8
9
10
11
12
13
14
15
16
17
18
19
20
21
22
23
24
;

set F[f2]:=
25
26
27
28
29
30
31
32
33
34
35
36
37
38
39
40
41
42
;

set F[f3]:=
43
44
45
46
47
48
49
50
51
52
53
54
55
56
57
58
59
60
;


set E:=
(1,9)
(9,5)
(5,14)
(14,13)
(13,22)
(22,19)
(19,1)
(5,9)
(14,5)
(24,3)
(3,21)
(21,15)
(15,18)
(18,12)
(12,4)
(4,24)
(15,21)
(21,3)
(2,7)
(7,23)
(23,16)
(16,8)
(8,6)
(6,10)
(10,2)
(2,10)
(6,8)
(11,17)
(17,20)
(20,11)
(11,20)
(39,35)
(35,32)
(32,36)
(36,34)
(34,30)
(30,31)
(31,39)
(32,35)
(36,32)
(27,26)
(26,40)
(40,42)
(42,37)
(37,41)
(41,29)
(29,27)
(26,27)
(41,37)
(33,28)
(28,25)
(25,38)
(38,33)
(25,28)
(43,45)
(45,55)
(55,52)
(52,44)
(44,54)
(54,56)
(56,43)
(55,45)
(52,55)
(59,46)
(46,58)
(58,60)
(60,53)
(53,50)
(50,49)
(49,59)
(60,58)
(59,49)
(48,47)
(47,57)
(57,51)
(51,48)
(57,47)
;

param b:=
[1,9] 1
[9,5] 5
[5,14] 9
[14,13] 1
[13,22] 1
[22,19] 1
[19,1] 1
[5,9] 7
[14,5] 10
[24,3] 1
[3,21] 7
[21,15] 9
[15,18] 1
[18,12] 1
[12,4] 1
[4,24] 1
[15,21] 6
[21,3] 9
[2,7] 1
[7,23] 1
[23,16] 1
[16,8] 1
[8,6] 8
[6,10] 1
[10,2] 5
[2,10] 8
[6,8] 8
[11,17] 1
[17,20] 1
[20,11] 9
[11,20] 7
[39,35] 1
[35,32] 10
[32,36] 7
[36,34] 1
[34,30] 1
[30,31] 1
[31,39] 1
[32,35] 8
[36,32] 10
[27,26] 7
[26,40] 1
[40,42] 1
[42,37] 1
[37,41] 9
[41,29] 1
[29,27] 1
[26,27] 5
[41,37] 9
[33,28] 1
[28,25] 9
[25,38] 1
[38,33] 1
[25,28] 6
[43,45] 1
[45,55] 7
[55,52] 6
[52,44] 1
[44,54] 1
[54,56] 1
[56,43] 1
[55,45] 10
[52,55] 5
[59,46] 1
[46,58] 1
[58,60] 7
[60,53] 1
[53,50] 1
[50,49] 1
[49,59] 10
[60,58] 9
[59,49] 6
[48,47] 1
[47,57] 10
[57,51] 1
[51,48] 1
[57,47] 6
;

param d:=
1	2
10	14
11	17
12	2
13	2
14	20
15	16
16	2
17	2
18	2
19	2
2	14
20	17
21	31
22	2
23	2
24	2
25	16
26	13
27	13
28	16
29	2
3	17
30	2
31	2
32	35
33	2
34	2
35	19
36	18
37	19
38	2
39	2
4	2
40	2
41	19
42	2
43	2
44	2
45	18
46	2
47	17
48	2
49	17
5	31
50	2
51	2
52	12
53	2
54	2
55	28
56	2
57	17
58	17
59	17
6	17
60	17
7	2
8	17
9	13
;


end;
