data;

param broj_grana:=77;
param N:=60;
param L1:=0.0033557;
param L2:=0.0008389;

set FC:=
f1
f2
f3
;

set V:=
1
2
3
4
5
6
7
8
9
10
11
12
13
14
15
16
17
18
19
20
21
22
23
24
25
26
27
28
29
30
31
32
33
34
35
36
37
38
39
40
41
42
43
44
45
46
47
48
49
50
51
52
53
54
55
56
57
58
59
60
;

set F[f1]:=
1
2
3
4
5
6
7
8
9
10
11
12
13
14
15
16
17
18
19
20
21
22
23
24
;

set F[f2]:=
25
26
27
28
29
30
31
32
33
34
35
36
37
38
39
40
41
42
;

set F[f3]:=
43
44
45
46
47
48
49
50
51
52
53
54
55
56
57
58
59
60
;


set E:=
(8,19)
(19,22)
(22,5)
(5,24)
(24,20)
(20,12)
(12,8)
(22,19)
(19,8)
(9,14)
(14,18)
(18,16)
(16,17)
(17,2)
(2,21)
(21,9)
(17,16)
(9,21)
(11,10)
(10,6)
(6,23)
(23,15)
(15,4)
(4,3)
(3,11)
(10,11)
(23,6)
(13,1)
(1,7)
(7,13)
(1,13)
(34,30)
(30,27)
(27,29)
(29,41)
(41,32)
(32,36)
(36,34)
(29,27)
(34,36)
(26,28)
(28,35)
(35,39)
(39,42)
(42,40)
(40,25)
(25,26)
(42,39)
(40,42)
(37,38)
(38,33)
(33,31)
(31,37)
(37,31)
(56,51)
(51,53)
(53,43)
(43,57)
(57,59)
(59,49)
(49,56)
(51,56)
(57,43)
(52,55)
(55,50)
(50,47)
(47,48)
(48,60)
(60,54)
(54,52)
(50,55)
(48,47)
(46,58)
(58,44)
(44,45)
(45,46)
(44,58)
;

param b:=
[8,19] 8
[19,22] 6
[22,5] 1
[5,24] 1
[24,20] 1
[20,12] 1
[12,8] 1
[22,19] 6
[19,8] 6
[9,14] 1
[14,18] 1
[18,16] 1
[16,17] 5
[17,2] 1
[2,21] 1
[21,9] 7
[17,16] 8
[9,21] 9
[11,10] 10
[10,6] 1
[6,23] 10
[23,15] 1
[15,4] 1
[4,3] 1
[3,11] 1
[10,11] 5
[23,6] 8
[13,1] 10
[1,7] 1
[7,13] 1
[1,13] 8
[34,30] 1
[30,27] 1
[27,29] 6
[29,41] 1
[41,32] 1
[32,36] 1
[36,34] 9
[29,27] 5
[34,36] 8
[26,28] 1
[28,35] 1
[35,39] 1
[39,42] 7
[42,40] 5
[40,25] 1
[25,26] 1
[42,39] 6
[40,42] 5
[37,38] 1
[38,33] 1
[33,31] 1
[31,37] 7
[37,31] 8
[56,51] 6
[51,53] 1
[53,43] 1
[43,57] 10
[57,59] 1
[59,49] 1
[49,56] 1
[51,56] 7
[57,43] 6
[52,55] 1
[55,50] 9
[50,47] 1
[47,48] 9
[48,60] 1
[60,54] 1
[54,52] 1
[50,55] 10
[48,47] 10
[46,58] 1
[58,44] 7
[44,45] 1
[45,46] 1
[44,58] 9
;

param d:=
1	19
10	16
11	16
12	2
13	19
14	2
15	2
16	14
17	14
18	2
19	26
2	2
20	2
21	17
22	13
23	19
24	2
25	2
26	2
27	12
28	2
29	12
3	2
30	2
31	16
32	2
33	2
34	18
35	2
36	18
37	16
38	2
39	14
4	2
40	11
41	2
42	23
43	17
44	17
45	2
46	2
47	20
48	20
49	2
5	2
50	20
51	14
52	2
53	2
54	2
55	20
56	14
57	17
58	17
59	2
6	19
60	2
7	2
8	15
9	17
;


end;
