data;

param broj_grana:=193;
param N:=150;
param L1:=0.0012987;
param L2:=0.0003247;

set FC:=
f1
f2
f3
;

set V:=
1
2
3
4
5
6
7
8
9
10
11
12
13
14
15
16
17
18
19
20
21
22
23
24
25
26
27
28
29
30
31
32
33
34
35
36
37
38
39
40
41
42
43
44
45
46
47
48
49
50
51
52
53
54
55
56
57
58
59
60
61
62
63
64
65
66
67
68
69
70
71
72
73
74
75
76
77
78
79
80
81
82
83
84
85
86
87
88
89
90
91
92
93
94
95
96
97
98
99
100
101
102
103
104
105
106
107
108
109
110
111
112
113
114
115
116
117
118
119
120
121
122
123
124
125
126
127
128
129
130
131
132
133
134
135
136
137
138
139
140
141
142
143
144
145
146
147
148
149
150
;

set F[f1]:=
1
2
3
4
5
6
7
8
9
10
11
12
13
14
15
16
17
18
19
20
21
22
23
24
25
26
27
28
29
30
31
32
33
34
35
36
37
38
39
40
41
42
43
44
45
46
47
48
49
50
51
52
53
54
55
56
57
58
59
60
;

set F[f2]:=
61
62
63
64
65
66
67
68
69
70
71
72
73
74
75
76
77
78
79
80
81
82
83
84
85
86
87
88
89
90
91
92
93
94
95
96
97
98
99
100
101
102
103
104
105
;

set F[f3]:=
106
107
108
109
110
111
112
113
114
115
116
117
118
119
120
121
122
123
124
125
126
127
128
129
130
131
132
133
134
135
136
137
138
139
140
141
142
143
144
145
146
147
148
149
150
;


set E:=
(51,49)
(49,19)
(19,2)
(2,57)
(57,28)
(28,58)
(58,51)
(2,19)
(19,49)
(21,9)
(9,56)
(56,15)
(15,35)
(35,24)
(24,37)
(37,21)
(35,15)
(24,35)
(29,59)
(59,52)
(52,40)
(40,46)
(46,12)
(12,8)
(8,29)
(40,52)
(8,12)
(30,38)
(38,55)
(55,53)
(53,20)
(20,31)
(31,54)
(54,30)
(55,38)
(54,31)
(1,44)
(44,11)
(11,17)
(17,23)
(23,18)
(18,7)
(7,1)
(18,23)
(7,18)
(43,41)
(41,25)
(25,3)
(3,6)
(6,22)
(22,50)
(50,43)
(22,6)
(41,43)
(33,10)
(10,39)
(39,42)
(42,48)
(48,32)
(32,36)
(36,33)
(33,36)
(32,48)
(47,26)
(26,34)
(34,45)
(45,60)
(60,27)
(27,4)
(4,47)
(26,47)
(45,34)
(13,14)
(14,5)
(5,16)
(16,13)
(5,14)
(104,87)
(87,69)
(69,77)
(77,85)
(85,98)
(98,76)
(76,104)
(98,85)
(87,104)
(67,91)
(91,88)
(88,86)
(86,102)
(102,79)
(79,62)
(62,67)
(88,91)
(102,86)
(65,80)
(80,100)
(100,94)
(94,70)
(70,78)
(78,96)
(96,65)
(65,96)
(80,65)
(84,61)
(61,68)
(68,82)
(82,90)
(90,103)
(103,93)
(93,84)
(93,103)
(90,82)
(95,63)
(63,73)
(73,74)
(74,81)
(81,72)
(72,97)
(97,95)
(73,63)
(63,95)
(83,66)
(66,101)
(101,105)
(105,75)
(75,64)
(64,99)
(99,83)
(101,66)
(75,105)
(71,92)
(92,89)
(89,71)
(92,71)
(124,120)
(120,117)
(117,113)
(113,139)
(139,129)
(129,142)
(142,124)
(139,113)
(142,129)
(143,125)
(125,112)
(112,109)
(109,134)
(134,144)
(144,111)
(111,143)
(144,134)
(109,112)
(145,114)
(114,127)
(127,138)
(138,118)
(118,133)
(133,122)
(122,145)
(122,133)
(138,127)
(128,132)
(132,146)
(146,116)
(116,106)
(106,119)
(119,110)
(110,128)
(146,132)
(128,110)
(108,141)
(141,123)
(123,140)
(140,137)
(137,148)
(148,126)
(126,108)
(123,141)
(137,140)
(136,149)
(149,130)
(130,121)
(121,107)
(107,131)
(131,147)
(147,136)
(130,149)
(147,131)
(150,135)
(135,115)
(115,150)
(150,115)
;

param b:=
[51,49] 1
[49,19] 9
[19,2] 8
[2,57] 1
[57,28] 1
[28,58] 1
[58,51] 1
[2,19] 6
[19,49] 6
[21,9] 1
[9,56] 1
[56,15] 1
[15,35] 5
[35,24] 10
[24,37] 1
[37,21] 1
[35,15] 8
[24,35] 7
[29,59] 1
[59,52] 1
[52,40] 8
[40,46] 1
[46,12] 1
[12,8] 6
[8,29] 1
[40,52] 10
[8,12] 10
[30,38] 1
[38,55] 8
[55,53] 1
[53,20] 1
[20,31] 1
[31,54] 9
[54,30] 1
[55,38] 7
[54,31] 10
[1,44] 1
[44,11] 1
[11,17] 1
[17,23] 1
[23,18] 10
[18,7] 6
[7,1] 1
[18,23] 9
[7,18] 8
[43,41] 7
[41,25] 1
[25,3] 1
[3,6] 1
[6,22] 10
[22,50] 1
[50,43] 1
[22,6] 10
[41,43] 9
[33,10] 1
[10,39] 1
[39,42] 1
[42,48] 1
[48,32] 9
[32,36] 1
[36,33] 10
[33,36] 5
[32,48] 7
[47,26] 5
[26,34] 1
[34,45] 7
[45,60] 1
[60,27] 1
[27,4] 1
[4,47] 1
[26,47] 9
[45,34] 6
[13,14] 1
[14,5] 8
[5,16] 1
[16,13] 1
[5,14] 7
[104,87] 6
[87,69] 1
[69,77] 1
[77,85] 1
[85,98] 6
[98,76] 1
[76,104] 1
[98,85] 10
[87,104] 5
[67,91] 1
[91,88] 7
[88,86] 1
[86,102] 9
[102,79] 1
[79,62] 1
[62,67] 1
[88,91] 10
[102,86] 8
[65,80] 10
[80,100] 1
[100,94] 1
[94,70] 1
[70,78] 1
[78,96] 1
[96,65] 5
[65,96] 5
[80,65] 9
[84,61] 1
[61,68] 1
[68,82] 1
[82,90] 8
[90,103] 1
[103,93] 8
[93,84] 1
[93,103] 5
[90,82] 7
[95,63] 8
[63,73] 5
[73,74] 1
[74,81] 1
[81,72] 1
[72,97] 1
[97,95] 1
[73,63] 9
[63,95] 10
[83,66] 1
[66,101] 9
[101,105] 1
[105,75] 10
[75,64] 1
[64,99] 1
[99,83] 1
[101,66] 8
[75,105] 10
[71,92] 6
[92,89] 1
[89,71] 1
[92,71] 9
[124,120] 1
[120,117] 1
[117,113] 1
[113,139] 5
[139,129] 1
[129,142] 5
[142,124] 1
[139,113] 5
[142,129] 8
[143,125] 1
[125,112] 1
[112,109] 7
[109,134] 1
[134,144] 8
[144,111] 1
[111,143] 1
[144,134] 10
[109,112] 8
[145,114] 1
[114,127] 1
[127,138] 8
[138,118] 1
[118,133] 1
[133,122] 8
[122,145] 1
[122,133] 10
[138,127] 8
[128,132] 1
[132,146] 6
[146,116] 1
[116,106] 1
[106,119] 1
[119,110] 1
[110,128] 8
[146,132] 5
[128,110] 9
[108,141] 1
[141,123] 5
[123,140] 1
[140,137] 9
[137,148] 1
[148,126] 1
[126,108] 1
[123,141] 10
[137,140] 5
[136,149] 1
[149,130] 6
[130,121] 1
[121,107] 1
[107,131] 1
[131,147] 9
[147,136] 1
[130,149] 9
[147,131] 6
[150,135] 1
[135,115] 1
[115,150] 9
[150,115] 6
;

param d:=
1	2
10	2
100	2
101	18
102	18
103	14
104	12
105	21
106	2
107	2
108	2
109	16
11	2
110	18
111	2
112	16
113	11
114	2
115	16
116	2
117	2
118	2
119	2
12	17
120	2
121	2
122	19
123	16
124	2
125	2
126	2
127	17
128	18
129	14
13	2
130	16
131	16
132	12
133	19
134	19
135	2
136	2
137	15
138	17
139	11
14	16
140	15
141	16
142	14
143	2
144	19
145	2
146	12
147	16
148	2
149	16
15	14
150	16
16	2
17	2
18	33
19	29
2	15
20	2
21	2
22	21
23	20
24	18
25	2
26	15
27	2
28	2
29	2
3	2
30	2
31	20
32	17
33	16
34	14
35	30
36	16
37	2
38	16
39	2
4	2
40	19
41	17
42	2
43	17
44	2
45	14
46	2
47	15
48	17
49	16
5	16
50	2
51	2
52	19
53	2
54	20
55	16
56	2
57	2
58	2
59	2
6	21
60	2
61	2
62	2
63	32
64	2
65	29
66	18
67	2
68	2
69	2
7	15
70	2
71	16
72	2
73	15
74	2
75	21
76	2
77	2
78	2
79	2
8	17
80	20
81	2
82	16
83	2
84	2
85	17
86	18
87	12
88	18
89	2
9	2
90	16
91	18
92	16
93	14
94	2
95	19
96	11
97	2
98	17
99	2
;


end;
