data;

param broj_grana:=193;
param N:=150;
param L1:=0.0013072;
param L2:=0.0003268;

set FC:=
f1
f2
f3
;

set V:=
1
2
3
4
5
6
7
8
9
10
11
12
13
14
15
16
17
18
19
20
21
22
23
24
25
26
27
28
29
30
31
32
33
34
35
36
37
38
39
40
41
42
43
44
45
46
47
48
49
50
51
52
53
54
55
56
57
58
59
60
61
62
63
64
65
66
67
68
69
70
71
72
73
74
75
76
77
78
79
80
81
82
83
84
85
86
87
88
89
90
91
92
93
94
95
96
97
98
99
100
101
102
103
104
105
106
107
108
109
110
111
112
113
114
115
116
117
118
119
120
121
122
123
124
125
126
127
128
129
130
131
132
133
134
135
136
137
138
139
140
141
142
143
144
145
146
147
148
149
150
;

set F[f1]:=
1
2
3
4
5
6
7
8
9
10
11
12
13
14
15
16
17
18
19
20
21
22
23
24
25
26
27
28
29
30
31
32
33
34
35
36
37
38
39
40
41
42
43
44
45
46
47
48
49
50
51
52
53
54
55
56
57
58
59
60
;

set F[f2]:=
61
62
63
64
65
66
67
68
69
70
71
72
73
74
75
76
77
78
79
80
81
82
83
84
85
86
87
88
89
90
91
92
93
94
95
96
97
98
99
100
101
102
103
104
105
;

set F[f3]:=
106
107
108
109
110
111
112
113
114
115
116
117
118
119
120
121
122
123
124
125
126
127
128
129
130
131
132
133
134
135
136
137
138
139
140
141
142
143
144
145
146
147
148
149
150
;


set E:=
(55,40)
(40,48)
(48,19)
(19,14)
(14,3)
(3,27)
(27,55)
(40,55)
(19,48)
(46,16)
(16,17)
(17,36)
(36,50)
(50,10)
(10,21)
(21,46)
(16,46)
(50,36)
(42,6)
(6,12)
(12,7)
(7,47)
(47,22)
(22,2)
(2,42)
(42,2)
(22,47)
(25,44)
(44,57)
(57,37)
(37,39)
(39,4)
(4,56)
(56,25)
(57,44)
(25,56)
(51,26)
(26,15)
(15,45)
(45,52)
(52,28)
(28,32)
(32,51)
(32,28)
(51,32)
(30,43)
(43,24)
(24,13)
(13,58)
(58,11)
(11,41)
(41,30)
(11,58)
(24,43)
(54,29)
(29,9)
(9,31)
(31,33)
(33,49)
(49,18)
(18,54)
(9,29)
(33,31)
(23,34)
(34,60)
(60,5)
(5,1)
(1,35)
(35,53)
(53,23)
(60,34)
(34,23)
(38,20)
(20,8)
(8,59)
(59,38)
(59,8)
(92,91)
(91,105)
(105,63)
(63,72)
(72,85)
(85,84)
(84,92)
(105,91)
(92,84)
(98,77)
(77,69)
(69,76)
(76,90)
(90,62)
(62,87)
(87,98)
(76,69)
(87,62)
(68,86)
(86,78)
(78,70)
(70,89)
(89,96)
(96,64)
(64,68)
(96,89)
(70,78)
(101,66)
(66,94)
(94,71)
(71,83)
(83,97)
(97,82)
(82,101)
(66,101)
(83,71)
(99,95)
(95,61)
(61,65)
(65,104)
(104,103)
(103,100)
(100,99)
(65,61)
(99,100)
(102,67)
(67,73)
(73,74)
(74,81)
(81,79)
(79,80)
(80,102)
(79,81)
(73,67)
(75,88)
(88,93)
(93,75)
(88,75)
(139,147)
(147,144)
(144,132)
(132,143)
(143,138)
(138,131)
(131,139)
(132,144)
(131,138)
(117,122)
(122,150)
(150,126)
(126,110)
(110,124)
(124,128)
(128,117)
(117,128)
(128,124)
(123,111)
(111,145)
(145,107)
(107,130)
(130,149)
(149,133)
(133,123)
(149,130)
(145,111)
(121,119)
(119,125)
(125,112)
(112,136)
(136,113)
(113,108)
(108,121)
(136,112)
(108,113)
(118,115)
(115,146)
(146,127)
(127,141)
(141,134)
(134,129)
(129,118)
(129,134)
(115,118)
(109,140)
(140,114)
(114,142)
(142,116)
(116,120)
(120,148)
(148,109)
(140,109)
(148,120)
(106,135)
(135,137)
(137,106)
(135,106)
;

param b:=
[55,40] 8
[40,48] 1
[48,19] 9
[19,14] 1
[14,3] 1
[3,27] 1
[27,55] 1
[40,55] 6
[19,48] 8
[46,16] 7
[16,17] 1
[17,36] 1
[36,50] 9
[50,10] 1
[10,21] 1
[21,46] 1
[16,46] 10
[50,36] 10
[42,6] 1
[6,12] 1
[12,7] 1
[7,47] 1
[47,22] 5
[22,2] 1
[2,42] 7
[42,2] 9
[22,47] 9
[25,44] 1
[44,57] 7
[57,37] 1
[37,39] 1
[39,4] 1
[4,56] 1
[56,25] 10
[57,44] 6
[25,56] 10
[51,26] 1
[26,15] 1
[15,45] 1
[45,52] 1
[52,28] 1
[28,32] 8
[32,51] 7
[32,28] 5
[51,32] 5
[30,43] 1
[43,24] 5
[24,13] 1
[13,58] 1
[58,11] 6
[11,41] 1
[41,30] 1
[11,58] 10
[24,43] 5
[54,29] 1
[29,9] 10
[9,31] 1
[31,33] 9
[33,49] 1
[49,18] 1
[18,54] 1
[9,29] 10
[33,31] 9
[23,34] 5
[34,60] 8
[60,5] 1
[5,1] 1
[1,35] 1
[35,53] 1
[53,23] 1
[60,34] 6
[34,23] 6
[38,20] 1
[20,8] 1
[8,59] 10
[59,38] 1
[59,8] 7
[92,91] 1
[91,105] 5
[105,63] 1
[63,72] 1
[72,85] 1
[85,84] 1
[84,92] 7
[105,91] 10
[92,84] 9
[98,77] 1
[77,69] 1
[69,76] 8
[76,90] 1
[90,62] 1
[62,87] 5
[87,98] 1
[76,69] 5
[87,62] 9
[68,86] 1
[86,78] 1
[78,70] 10
[70,89] 1
[89,96] 10
[96,64] 1
[64,68] 1
[96,89] 7
[70,78] 7
[101,66] 7
[66,94] 1
[94,71] 1
[71,83] 10
[83,97] 1
[97,82] 1
[82,101] 1
[66,101] 8
[83,71] 7
[99,95] 1
[95,61] 1
[61,65] 6
[65,104] 1
[104,103] 1
[103,100] 1
[100,99] 5
[65,61] 5
[99,100] 10
[102,67] 1
[67,73] 7
[73,74] 1
[74,81] 1
[81,79] 9
[79,80] 1
[80,102] 1
[79,81] 8
[73,67] 9
[75,88] 8
[88,93] 1
[93,75] 1
[88,75] 6
[139,147] 1
[147,144] 1
[144,132] 9
[132,143] 1
[143,138] 1
[138,131] 6
[131,139] 1
[132,144] 5
[131,138] 7
[117,122] 1
[122,150] 1
[150,126] 1
[126,110] 1
[110,124] 1
[124,128] 9
[128,117] 5
[117,128] 6
[128,124] 7
[123,111] 1
[111,145] 8
[145,107] 1
[107,130] 1
[130,149] 10
[149,133] 1
[133,123] 1
[149,130] 8
[145,111] 10
[121,119] 1
[119,125] 1
[125,112] 1
[112,136] 9
[136,113] 1
[113,108] 9
[108,121] 1
[136,112] 9
[108,113] 9
[118,115] 7
[115,146] 1
[146,127] 1
[127,141] 1
[141,134] 1
[134,129] 9
[129,118] 1
[129,134] 10
[115,118] 7
[109,140] 7
[140,114] 1
[114,142] 1
[142,116] 1
[116,120] 1
[120,148] 7
[148,109] 1
[140,109] 9
[148,120] 5
[106,135] 5
[135,137] 1
[137,106] 1
[135,106] 8
;

param d:=
1	2
10	2
100	16
101	16
102	2
103	2
104	2
105	16
106	14
107	2
108	19
109	17
11	17
110	2
111	19
112	19
113	19
114	2
115	15
116	2
117	12
118	15
119	2
12	2
120	13
121	2
122	2
123	2
124	17
125	2
126	2
127	2
128	27
129	20
13	2
130	19
131	14
132	15
133	2
134	20
135	14
136	19
137	2
138	14
139	2
14	2
140	17
141	2
142	2
143	2
144	15
145	19
146	2
147	2
148	13
149	19
15	2
150	2
16	18
17	2
18	2
19	18
2	17
20	2
21	2
22	15
23	12
24	11
25	21
26	2
27	2
28	14
29	21
3	2
30	2
31	19
32	25
33	19
34	25
35	2
36	20
37	2
38	2
39	2
4	2
40	15
41	2
42	17
43	11
44	14
45	2
46	18
47	15
48	18
49	2
5	2
50	20
51	13
52	2
53	2
54	2
55	15
56	21
57	14
58	17
59	18
6	2
60	15
61	12
62	15
63	2
64	2
65	12
66	16
67	17
68	2
69	14
7	2
70	18
71	18
72	2
73	17
74	2
75	15
76	14
77	2
78	18
79	18
8	18
80	2
81	18
82	2
83	18
84	17
85	2
86	2
87	15
88	15
89	18
9	21
90	2
91	16
92	17
93	2
94	2
95	2
96	18
97	2
98	2
99	16
;


end;
