data;

param broj_grana:=193;
param N:=150;
param L1:=0.0013459;
param L2:=0.0003365;

set FC:=
f1
f2
f3
;

set V:=
1
2
3
4
5
6
7
8
9
10
11
12
13
14
15
16
17
18
19
20
21
22
23
24
25
26
27
28
29
30
31
32
33
34
35
36
37
38
39
40
41
42
43
44
45
46
47
48
49
50
51
52
53
54
55
56
57
58
59
60
61
62
63
64
65
66
67
68
69
70
71
72
73
74
75
76
77
78
79
80
81
82
83
84
85
86
87
88
89
90
91
92
93
94
95
96
97
98
99
100
101
102
103
104
105
106
107
108
109
110
111
112
113
114
115
116
117
118
119
120
121
122
123
124
125
126
127
128
129
130
131
132
133
134
135
136
137
138
139
140
141
142
143
144
145
146
147
148
149
150
;

set F[f1]:=
1
2
3
4
5
6
7
8
9
10
11
12
13
14
15
16
17
18
19
20
21
22
23
24
25
26
27
28
29
30
31
32
33
34
35
36
37
38
39
40
41
42
43
44
45
46
47
48
49
50
51
52
53
54
55
56
57
58
59
60
;

set F[f2]:=
61
62
63
64
65
66
67
68
69
70
71
72
73
74
75
76
77
78
79
80
81
82
83
84
85
86
87
88
89
90
91
92
93
94
95
96
97
98
99
100
101
102
103
104
105
;

set F[f3]:=
106
107
108
109
110
111
112
113
114
115
116
117
118
119
120
121
122
123
124
125
126
127
128
129
130
131
132
133
134
135
136
137
138
139
140
141
142
143
144
145
146
147
148
149
150
;


set E:=
(16,17)
(17,45)
(45,54)
(54,23)
(23,28)
(28,9)
(9,16)
(28,23)
(23,54)
(35,1)
(1,29)
(29,41)
(41,24)
(24,46)
(46,40)
(40,35)
(35,40)
(40,46)
(43,59)
(59,22)
(22,2)
(2,38)
(38,49)
(49,15)
(15,43)
(38,2)
(43,15)
(12,60)
(60,37)
(37,51)
(51,50)
(50,25)
(25,8)
(8,12)
(8,25)
(25,50)
(6,5)
(5,31)
(31,42)
(42,34)
(34,32)
(32,3)
(3,6)
(3,32)
(31,5)
(53,48)
(48,21)
(21,19)
(19,18)
(18,39)
(39,11)
(11,53)
(21,48)
(39,18)
(52,57)
(57,36)
(36,13)
(13,14)
(14,4)
(4,10)
(10,52)
(13,36)
(10,4)
(26,20)
(20,44)
(44,27)
(27,30)
(30,47)
(47,7)
(7,26)
(27,44)
(20,26)
(56,33)
(33,55)
(55,58)
(58,56)
(58,55)
(75,74)
(74,62)
(62,73)
(73,71)
(71,68)
(68,72)
(72,75)
(68,71)
(73,62)
(63,98)
(98,64)
(64,101)
(101,97)
(97,100)
(100,89)
(89,63)
(97,101)
(100,97)
(94,78)
(78,81)
(81,88)
(88,105)
(105,82)
(82,93)
(93,94)
(81,78)
(82,105)
(76,91)
(91,99)
(99,66)
(66,65)
(65,70)
(70,77)
(77,76)
(77,70)
(65,66)
(79,83)
(83,90)
(90,95)
(95,80)
(80,85)
(85,84)
(84,79)
(90,83)
(79,84)
(102,103)
(103,61)
(61,67)
(67,86)
(86,87)
(87,96)
(96,102)
(96,87)
(61,103)
(104,92)
(92,69)
(69,104)
(92,104)
(109,128)
(128,113)
(113,120)
(120,127)
(127,110)
(110,121)
(121,109)
(120,113)
(121,110)
(135,141)
(141,116)
(116,107)
(107,125)
(125,122)
(122,144)
(144,135)
(141,135)
(144,122)
(119,123)
(123,126)
(126,134)
(134,129)
(129,131)
(131,137)
(137,119)
(131,129)
(134,126)
(149,148)
(148,143)
(143,112)
(112,136)
(136,108)
(108,146)
(146,149)
(108,136)
(148,149)
(150,124)
(124,115)
(115,139)
(139,132)
(132,142)
(142,130)
(130,150)
(124,150)
(150,130)
(133,118)
(118,138)
(138,140)
(140,114)
(114,147)
(147,111)
(111,133)
(111,147)
(118,133)
(145,106)
(106,117)
(117,145)
(117,106)
;

param b:=
[16,17] 1
[17,45] 1
[45,54] 1
[54,23] 10
[23,28] 8
[28,9] 1
[9,16] 1
[28,23] 5
[23,54] 5
[35,1] 1
[1,29] 1
[29,41] 1
[41,24] 1
[24,46] 1
[46,40] 8
[40,35] 7
[35,40] 7
[40,46] 8
[43,59] 1
[59,22] 1
[22,2] 1
[2,38] 10
[38,49] 1
[49,15] 1
[15,43] 6
[38,2] 7
[43,15] 9
[12,60] 1
[60,37] 1
[37,51] 1
[51,50] 1
[50,25] 10
[25,8] 7
[8,12] 1
[8,25] 9
[25,50] 7
[6,5] 1
[5,31] 6
[31,42] 1
[42,34] 1
[34,32] 1
[32,3] 8
[3,6] 1
[3,32] 10
[31,5] 7
[53,48] 1
[48,21] 5
[21,19] 1
[19,18] 1
[18,39] 9
[39,11] 1
[11,53] 1
[21,48] 10
[39,18] 10
[52,57] 1
[57,36] 1
[36,13] 5
[13,14] 1
[14,4] 1
[4,10] 5
[10,52] 1
[13,36] 10
[10,4] 9
[26,20] 10
[20,44] 1
[44,27] 9
[27,30] 1
[30,47] 1
[47,7] 1
[7,26] 1
[27,44] 8
[20,26] 5
[56,33] 1
[33,55] 1
[55,58] 10
[58,56] 1
[58,55] 7
[75,74] 1
[74,62] 1
[62,73] 9
[73,71] 1
[71,68] 5
[68,72] 1
[72,75] 1
[68,71] 6
[73,62] 6
[63,98] 1
[98,64] 1
[64,101] 1
[101,97] 9
[97,100] 6
[100,89] 1
[89,63] 1
[97,101] 6
[100,97] 6
[94,78] 1
[78,81] 5
[81,88] 1
[88,105] 1
[105,82] 5
[82,93] 1
[93,94] 1
[81,78] 5
[82,105] 10
[76,91] 1
[91,99] 1
[99,66] 1
[66,65] 9
[65,70] 1
[70,77] 6
[77,76] 1
[77,70] 8
[65,66] 8
[79,83] 1
[83,90] 8
[90,95] 1
[95,80] 1
[80,85] 1
[85,84] 1
[84,79] 7
[90,83] 6
[79,84] 7
[102,103] 1
[103,61] 8
[61,67] 1
[67,86] 1
[86,87] 1
[87,96] 6
[96,102] 1
[96,87] 9
[61,103] 6
[104,92] 10
[92,69] 1
[69,104] 1
[92,104] 9
[109,128] 1
[128,113] 1
[113,120] 5
[120,127] 1
[127,110] 1
[110,121] 10
[121,109] 1
[120,113] 5
[121,110] 10
[135,141] 9
[141,116] 1
[116,107] 1
[107,125] 1
[125,122] 1
[122,144] 9
[144,135] 1
[141,135] 7
[144,122] 5
[119,123] 1
[123,126] 1
[126,134] 7
[134,129] 1
[129,131] 5
[131,137] 1
[137,119] 1
[131,129] 8
[134,126] 10
[149,148] 5
[148,143] 1
[143,112] 1
[112,136] 1
[136,108] 7
[108,146] 1
[146,149] 1
[108,136] 6
[148,149] 8
[150,124] 6
[124,115] 1
[115,139] 1
[139,132] 1
[132,142] 1
[142,130] 1
[130,150] 8
[124,150] 5
[150,130] 6
[133,118] 7
[118,138] 1
[138,140] 1
[140,114] 1
[114,147] 1
[147,111] 6
[111,133] 1
[111,147] 9
[118,133] 10
[145,106] 1
[106,117] 6
[117,145] 1
[117,106] 6
;

param d:=
1	2
10	15
100	13
101	16
102	2
103	15
104	20
105	16
106	13
107	2
108	14
109	2
11	2
110	21
111	16
112	2
113	11
114	2
115	2
116	2
117	13
118	18
119	2
12	2
120	11
121	21
122	15
123	2
124	12
125	2
126	18
127	2
128	2
129	14
13	16
130	15
131	14
132	2
133	18
134	18
135	17
136	14
137	2
138	2
139	2
14	2
140	2
141	17
142	2
143	2
144	15
145	2
146	2
147	16
148	14
149	14
15	16
150	25
16	2
17	2
18	20
19	2
2	18
20	16
21	16
22	2
23	28
24	2
25	33
26	16
27	18
28	14
29	2
3	19
30	2
31	14
32	19
33	2
34	2
35	15
36	16
37	2
38	18
39	20
4	15
40	30
41	2
42	2
43	16
44	18
45	2
46	17
47	2
48	16
49	2
5	14
50	18
51	2
52	2
53	2
54	16
55	18
56	2
57	2
58	18
59	2
6	2
60	2
61	15
62	16
63	2
64	2
65	18
66	18
67	2
68	12
69	2
7	2
70	15
71	12
72	2
73	16
74	2
75	2
76	2
77	15
78	11
79	15
8	17
80	2
81	11
82	16
83	15
84	15
85	2
86	2
87	16
88	2
89	2
9	2
90	15
91	2
92	20
93	2
94	2
95	2
96	16
97	27
98	2
99	2
;


end;
