data;

param broj_grana:=193;
param N:=150;
param L1:=0.0013123;
param L2:=0.0003281;

set FC:=
f1
f2
f3
;

set V:=
1
2
3
4
5
6
7
8
9
10
11
12
13
14
15
16
17
18
19
20
21
22
23
24
25
26
27
28
29
30
31
32
33
34
35
36
37
38
39
40
41
42
43
44
45
46
47
48
49
50
51
52
53
54
55
56
57
58
59
60
61
62
63
64
65
66
67
68
69
70
71
72
73
74
75
76
77
78
79
80
81
82
83
84
85
86
87
88
89
90
91
92
93
94
95
96
97
98
99
100
101
102
103
104
105
106
107
108
109
110
111
112
113
114
115
116
117
118
119
120
121
122
123
124
125
126
127
128
129
130
131
132
133
134
135
136
137
138
139
140
141
142
143
144
145
146
147
148
149
150
;

set F[f1]:=
1
2
3
4
5
6
7
8
9
10
11
12
13
14
15
16
17
18
19
20
21
22
23
24
25
26
27
28
29
30
31
32
33
34
35
36
37
38
39
40
41
42
43
44
45
46
47
48
49
50
51
52
53
54
55
56
57
58
59
60
;

set F[f2]:=
61
62
63
64
65
66
67
68
69
70
71
72
73
74
75
76
77
78
79
80
81
82
83
84
85
86
87
88
89
90
91
92
93
94
95
96
97
98
99
100
101
102
103
104
105
;

set F[f3]:=
106
107
108
109
110
111
112
113
114
115
116
117
118
119
120
121
122
123
124
125
126
127
128
129
130
131
132
133
134
135
136
137
138
139
140
141
142
143
144
145
146
147
148
149
150
;


set E:=
(3,55)
(55,19)
(19,23)
(23,8)
(8,14)
(14,31)
(31,3)
(31,14)
(14,8)
(32,22)
(22,17)
(17,21)
(21,16)
(16,35)
(35,44)
(44,32)
(22,32)
(35,16)
(57,54)
(54,7)
(7,27)
(27,5)
(5,12)
(12,28)
(28,57)
(28,12)
(7,54)
(53,2)
(2,10)
(10,29)
(29,20)
(20,46)
(46,11)
(11,53)
(29,10)
(11,46)
(1,34)
(34,6)
(6,45)
(45,40)
(40,15)
(15,59)
(59,1)
(1,59)
(40,45)
(39,52)
(52,25)
(25,47)
(47,49)
(49,41)
(41,24)
(24,39)
(24,41)
(49,47)
(36,58)
(58,33)
(33,4)
(4,48)
(48,13)
(13,43)
(43,36)
(4,33)
(33,58)
(50,38)
(38,42)
(42,30)
(30,26)
(26,56)
(56,9)
(9,50)
(30,42)
(42,38)
(18,60)
(60,51)
(51,37)
(37,18)
(18,37)
(75,95)
(95,81)
(81,97)
(97,101)
(101,71)
(71,87)
(87,75)
(101,97)
(87,71)
(70,88)
(88,99)
(99,82)
(82,104)
(104,90)
(90,63)
(63,70)
(70,63)
(90,104)
(65,79)
(79,67)
(67,72)
(72,94)
(94,73)
(73,64)
(64,65)
(94,72)
(64,73)
(92,85)
(85,98)
(98,84)
(84,89)
(89,80)
(80,77)
(77,92)
(89,84)
(84,98)
(78,69)
(69,103)
(103,105)
(105,74)
(74,83)
(83,68)
(68,78)
(103,69)
(74,105)
(96,102)
(102,76)
(76,62)
(62,61)
(61,91)
(91,86)
(86,96)
(61,62)
(91,61)
(66,100)
(100,93)
(93,66)
(66,93)
(148,107)
(107,134)
(134,150)
(150,140)
(140,108)
(108,135)
(135,148)
(108,140)
(134,107)
(106,141)
(141,119)
(119,126)
(126,147)
(147,118)
(118,129)
(129,106)
(141,106)
(119,141)
(146,130)
(130,110)
(110,115)
(115,125)
(125,113)
(113,133)
(133,146)
(146,133)
(110,130)
(114,122)
(122,142)
(142,109)
(109,131)
(131,121)
(121,124)
(124,114)
(114,124)
(142,122)
(120,139)
(139,111)
(111,128)
(128,127)
(127,112)
(112,136)
(136,120)
(120,136)
(136,112)
(138,137)
(137,149)
(149,117)
(117,143)
(143,145)
(145,144)
(144,138)
(137,138)
(144,145)
(123,116)
(116,132)
(132,123)
(123,132)
;

param b:=
[3,55] 1
[55,19] 1
[19,23] 1
[23,8] 1
[8,14] 8
[14,31] 10
[31,3] 1
[31,14] 7
[14,8] 6
[32,22] 10
[22,17] 1
[17,21] 1
[21,16] 1
[16,35] 9
[35,44] 1
[44,32] 1
[22,32] 8
[35,16] 8
[57,54] 1
[54,7] 5
[7,27] 1
[27,5] 1
[5,12] 1
[12,28] 5
[28,57] 1
[28,12] 9
[7,54] 6
[53,2] 1
[2,10] 1
[10,29] 9
[29,20] 1
[20,46] 1
[46,11] 8
[11,53] 1
[29,10] 9
[11,46] 5
[1,34] 1
[34,6] 1
[6,45] 1
[45,40] 5
[40,15] 1
[15,59] 1
[59,1] 7
[1,59] 9
[40,45] 9
[39,52] 1
[52,25] 1
[25,47] 1
[47,49] 5
[49,41] 1
[41,24] 9
[24,39] 1
[24,41] 8
[49,47] 7
[36,58] 1
[58,33] 10
[33,4] 6
[4,48] 1
[48,13] 1
[13,43] 1
[43,36] 1
[4,33] 8
[33,58] 8
[50,38] 1
[38,42] 7
[42,30] 7
[30,26] 1
[26,56] 1
[56,9] 1
[9,50] 1
[30,42] 7
[42,38] 10
[18,60] 1
[60,51] 1
[51,37] 1
[37,18] 9
[18,37] 5
[75,95] 1
[95,81] 1
[81,97] 1
[97,101] 6
[101,71] 1
[71,87] 6
[87,75] 1
[101,97] 6
[87,71] 9
[70,88] 1
[88,99] 1
[99,82] 1
[82,104] 1
[104,90] 7
[90,63] 1
[63,70] 10
[70,63] 5
[90,104] 10
[65,79] 1
[79,67] 1
[67,72] 1
[72,94] 5
[94,73] 1
[73,64] 6
[64,65] 1
[94,72] 8
[64,73] 7
[92,85] 1
[85,98] 1
[98,84] 9
[84,89] 6
[89,80] 1
[80,77] 1
[77,92] 1
[89,84] 9
[84,98] 10
[78,69] 1
[69,103] 9
[103,105] 1
[105,74] 8
[74,83] 1
[83,68] 1
[68,78] 1
[103,69] 10
[74,105] 10
[96,102] 1
[102,76] 1
[76,62] 1
[62,61] 6
[61,91] 6
[91,86] 1
[86,96] 1
[61,62] 8
[91,61] 10
[66,100] 1
[100,93] 1
[93,66] 8
[66,93] 9
[148,107] 1
[107,134] 5
[134,150] 1
[150,140] 1
[140,108] 5
[108,135] 1
[135,148] 1
[108,140] 7
[134,107] 5
[106,141] 6
[141,119] 9
[119,126] 1
[126,147] 1
[147,118] 1
[118,129] 1
[129,106] 1
[141,106] 6
[119,141] 9
[146,130] 1
[130,110] 8
[110,115] 1
[115,125] 1
[125,113] 1
[113,133] 1
[133,146] 9
[146,133] 9
[110,130] 10
[114,122] 1
[122,142] 8
[142,109] 1
[109,131] 1
[131,121] 1
[121,124] 1
[124,114] 9
[114,124] 9
[142,122] 5
[120,139] 1
[139,111] 1
[111,128] 1
[128,127] 1
[127,112] 1
[112,136] 8
[136,120] 10
[120,136] 8
[136,112] 7
[138,137] 7
[137,149] 1
[149,117] 1
[117,143] 1
[143,145] 1
[145,144] 8
[144,138] 1
[137,138] 9
[144,145] 5
[123,116] 1
[116,132] 1
[132,123] 8
[123,132] 5
;

param d:=
1	17
10	19
100	2
101	13
102	2
103	20
104	18
105	19
106	13
107	11
108	13
109	2
11	14
110	19
111	2
112	16
113	2
114	19
115	2
116	2
117	2
118	2
119	19
12	15
120	19
121	2
122	14
123	14
124	19
125	2
126	2
127	2
128	2
129	2
13	2
130	19
131	2
132	14
133	19
134	11
135	2
136	33
137	17
138	17
139	2
14	31
140	13
141	30
142	14
143	2
144	14
145	14
146	19
147	2
148	2
149	2
15	2
150	2
16	18
17	2
18	15
19	2
2	2
20	2
21	2
22	19
23	2
24	18
25	2
26	2
27	2
28	15
29	19
3	2
30	15
31	18
32	19
33	32
34	2
35	18
36	2
37	15
38	18
39	2
4	15
40	15
41	18
42	31
43	2
44	2
45	15
46	14
47	13
48	2
49	13
5	2
50	2
51	2
52	2
53	2
54	12
55	2
56	2
57	2
58	19
59	17
6	2
60	2
61	30
62	15
63	16
64	14
65	2
66	18
67	2
68	2
69	20
7	12
70	16
71	16
72	14
73	14
74	19
75	2
76	2
77	2
78	2
79	2
8	15
80	2
81	2
82	2
83	2
84	34
85	2
86	2
87	16
88	2
89	16
9	2
90	18
91	17
92	2
93	18
94	14
95	2
96	2
97	13
98	20
99	2
;


end;
