data;

param broj_grana:=193;
param N:=150;
param L1:=0.0013193;
param L2:=0.0003298;

set FC:=
f1
f2
f3
;

set V:=
1
2
3
4
5
6
7
8
9
10
11
12
13
14
15
16
17
18
19
20
21
22
23
24
25
26
27
28
29
30
31
32
33
34
35
36
37
38
39
40
41
42
43
44
45
46
47
48
49
50
51
52
53
54
55
56
57
58
59
60
61
62
63
64
65
66
67
68
69
70
71
72
73
74
75
76
77
78
79
80
81
82
83
84
85
86
87
88
89
90
91
92
93
94
95
96
97
98
99
100
101
102
103
104
105
106
107
108
109
110
111
112
113
114
115
116
117
118
119
120
121
122
123
124
125
126
127
128
129
130
131
132
133
134
135
136
137
138
139
140
141
142
143
144
145
146
147
148
149
150
;

set F[f1]:=
1
2
3
4
5
6
7
8
9
10
11
12
13
14
15
16
17
18
19
20
21
22
23
24
25
26
27
28
29
30
31
32
33
34
35
36
37
38
39
40
41
42
43
44
45
46
47
48
49
50
51
52
53
54
55
56
57
58
59
60
;

set F[f2]:=
61
62
63
64
65
66
67
68
69
70
71
72
73
74
75
76
77
78
79
80
81
82
83
84
85
86
87
88
89
90
91
92
93
94
95
96
97
98
99
100
101
102
103
104
105
;

set F[f3]:=
106
107
108
109
110
111
112
113
114
115
116
117
118
119
120
121
122
123
124
125
126
127
128
129
130
131
132
133
134
135
136
137
138
139
140
141
142
143
144
145
146
147
148
149
150
;


set E:=
(3,15)
(15,49)
(49,50)
(50,39)
(39,34)
(34,51)
(51,3)
(50,49)
(49,15)
(45,52)
(52,16)
(16,60)
(60,46)
(46,53)
(53,40)
(40,45)
(60,16)
(53,46)
(19,25)
(25,59)
(59,31)
(31,17)
(17,23)
(23,33)
(33,19)
(19,33)
(17,31)
(7,20)
(20,38)
(38,1)
(1,21)
(21,26)
(26,22)
(22,7)
(1,38)
(26,21)
(47,41)
(41,4)
(4,5)
(5,56)
(56,18)
(18,55)
(55,47)
(41,47)
(56,5)
(29,36)
(36,24)
(24,57)
(57,44)
(44,8)
(8,11)
(11,29)
(36,29)
(11,8)
(27,32)
(32,6)
(6,9)
(9,42)
(42,13)
(13,43)
(43,27)
(6,32)
(9,6)
(12,37)
(37,2)
(2,28)
(28,48)
(48,10)
(10,58)
(58,12)
(12,58)
(58,10)
(30,35)
(35,14)
(14,54)
(54,30)
(54,14)
(87,75)
(75,94)
(94,104)
(104,89)
(89,97)
(97,85)
(85,87)
(75,87)
(87,85)
(82,80)
(80,81)
(81,92)
(92,67)
(67,88)
(88,86)
(86,82)
(92,81)
(67,92)
(99,103)
(103,68)
(68,100)
(100,62)
(62,69)
(69,96)
(96,99)
(103,99)
(69,62)
(77,61)
(61,71)
(71,73)
(73,66)
(66,84)
(84,98)
(98,77)
(77,98)
(84,66)
(74,105)
(105,63)
(63,76)
(76,91)
(91,65)
(65,90)
(90,74)
(65,91)
(63,105)
(83,79)
(79,102)
(102,95)
(95,93)
(93,101)
(101,78)
(78,83)
(95,102)
(93,95)
(70,64)
(64,72)
(72,70)
(72,64)
(126,142)
(142,131)
(131,146)
(146,129)
(129,141)
(141,122)
(122,126)
(142,126)
(141,129)
(128,144)
(144,130)
(130,139)
(139,148)
(148,116)
(116,125)
(125,128)
(139,130)
(128,125)
(132,108)
(108,113)
(113,121)
(121,140)
(140,127)
(127,118)
(118,132)
(118,127)
(113,108)
(145,147)
(147,109)
(109,119)
(119,124)
(124,150)
(150,138)
(138,145)
(124,119)
(150,124)
(149,110)
(110,114)
(114,120)
(120,133)
(133,143)
(143,135)
(135,149)
(133,120)
(110,149)
(111,123)
(123,117)
(117,106)
(106,137)
(137,134)
(134,136)
(136,111)
(117,123)
(111,136)
(107,115)
(115,112)
(112,107)
(112,115)
;

param b:=
[3,15] 1
[15,49] 5
[49,50] 5
[50,39] 1
[39,34] 1
[34,51] 1
[51,3] 1
[50,49] 6
[49,15] 5
[45,52] 1
[52,16] 1
[16,60] 6
[60,46] 1
[46,53] 8
[53,40] 1
[40,45] 1
[60,16] 6
[53,46] 5
[19,25] 1
[25,59] 1
[59,31] 1
[31,17] 10
[17,23] 1
[23,33] 1
[33,19] 6
[19,33] 5
[17,31] 7
[7,20] 1
[20,38] 1
[38,1] 9
[1,21] 1
[21,26] 6
[26,22] 1
[22,7] 1
[1,38] 8
[26,21] 9
[47,41] 10
[41,4] 1
[4,5] 1
[5,56] 5
[56,18] 1
[18,55] 1
[55,47] 1
[41,47] 10
[56,5] 9
[29,36] 10
[36,24] 1
[24,57] 1
[57,44] 1
[44,8] 1
[8,11] 5
[11,29] 1
[36,29] 10
[11,8] 9
[27,32] 1
[32,6] 6
[6,9] 8
[9,42] 1
[42,13] 1
[13,43] 1
[43,27] 1
[6,32] 9
[9,6] 7
[12,37] 1
[37,2] 1
[2,28] 1
[28,48] 1
[48,10] 1
[10,58] 8
[58,12] 7
[12,58] 7
[58,10] 5
[30,35] 1
[35,14] 1
[14,54] 6
[54,30] 1
[54,14] 6
[87,75] 8
[75,94] 1
[94,104] 1
[104,89] 1
[89,97] 1
[97,85] 1
[85,87] 7
[75,87] 6
[87,85] 9
[82,80] 1
[80,81] 1
[81,92] 7
[92,67] 10
[67,88] 1
[88,86] 1
[86,82] 1
[92,81] 6
[67,92] 9
[99,103] 8
[103,68] 1
[68,100] 1
[100,62] 1
[62,69] 7
[69,96] 1
[96,99] 1
[103,99] 7
[69,62] 10
[77,61] 1
[61,71] 1
[71,73] 1
[73,66] 1
[66,84] 6
[84,98] 1
[98,77] 6
[77,98] 8
[84,66] 6
[74,105] 1
[105,63] 6
[63,76] 1
[76,91] 1
[91,65] 9
[65,90] 1
[90,74] 1
[65,91] 6
[63,105] 9
[83,79] 1
[79,102] 1
[102,95] 7
[95,93] 8
[93,101] 1
[101,78] 1
[78,83] 1
[95,102] 10
[93,95] 7
[70,64] 1
[64,72] 7
[72,70] 1
[72,64] 9
[126,142] 8
[142,131] 1
[131,146] 1
[146,129] 1
[129,141] 5
[141,122] 1
[122,126] 1
[142,126] 9
[141,129] 7
[128,144] 1
[144,130] 1
[130,139] 10
[139,148] 1
[148,116] 1
[116,125] 1
[125,128] 7
[139,130] 5
[128,125] 9
[132,108] 1
[108,113] 10
[113,121] 1
[121,140] 1
[140,127] 1
[127,118] 9
[118,132] 1
[118,127] 8
[113,108] 10
[145,147] 1
[147,109] 1
[109,119] 1
[119,124] 9
[124,150] 5
[150,138] 1
[138,145] 1
[124,119] 7
[150,124] 10
[149,110] 9
[110,114] 1
[114,120] 1
[120,133] 8
[133,143] 1
[143,135] 1
[135,149] 1
[133,120] 8
[110,149] 8
[111,123] 1
[123,117] 8
[117,106] 1
[106,137] 1
[137,134] 1
[134,136] 1
[136,111] 9
[117,123] 9
[111,136] 6
[107,115] 1
[115,112] 9
[112,107] 1
[112,115] 8
;

param d:=
1	18
10	14
100	2
101	2
102	18
103	16
104	2
105	16
106	2
107	2
108	21
109	2
11	15
110	18
111	16
112	18
113	21
114	2
115	18
116	2
117	18
118	18
119	17
12	15
120	17
121	2
122	2
123	18
124	31
125	17
126	18
127	18
128	17
129	13
13	2
130	16
131	2
132	2
133	17
134	2
135	2
136	16
137	2
138	2
139	16
14	13
140	2
141	13
142	18
143	2
144	2
145	2
146	2
147	2
148	2
149	18
15	11
150	16
16	13
17	18
18	2
19	12
2	2
20	2
21	16
22	2
23	2
24	2
25	2
26	16
27	2
28	2
29	21
3	2
30	2
31	18
32	16
33	12
34	2
35	2
36	21
37	2
38	18
39	2
4	2
40	2
41	21
42	2
43	2
44	2
45	2
46	14
47	21
48	2
49	21
5	15
50	12
51	2
52	2
53	14
54	13
55	2
56	15
57	2
58	27
59	2
6	30
60	13
61	2
62	18
63	16
64	17
65	16
66	13
67	20
68	2
69	18
7	2
70	2
71	2
72	17
73	2
74	2
75	15
76	2
77	15
78	2
79	2
8	15
80	2
81	14
82	2
83	2
84	13
85	17
86	2
87	30
88	2
89	2
9	16
90	2
91	16
92	32
93	16
94	2
95	32
96	2
97	2
98	15
99	16
;


end;
