data;

param broj_grana:=193;
param N:=150;
param L1:=0.0013263;
param L2:=0.0003316;

set FC:=
f1
f2
f3
;

set V:=
1
2
3
4
5
6
7
8
9
10
11
12
13
14
15
16
17
18
19
20
21
22
23
24
25
26
27
28
29
30
31
32
33
34
35
36
37
38
39
40
41
42
43
44
45
46
47
48
49
50
51
52
53
54
55
56
57
58
59
60
61
62
63
64
65
66
67
68
69
70
71
72
73
74
75
76
77
78
79
80
81
82
83
84
85
86
87
88
89
90
91
92
93
94
95
96
97
98
99
100
101
102
103
104
105
106
107
108
109
110
111
112
113
114
115
116
117
118
119
120
121
122
123
124
125
126
127
128
129
130
131
132
133
134
135
136
137
138
139
140
141
142
143
144
145
146
147
148
149
150
;

set F[f1]:=
1
2
3
4
5
6
7
8
9
10
11
12
13
14
15
16
17
18
19
20
21
22
23
24
25
26
27
28
29
30
31
32
33
34
35
36
37
38
39
40
41
42
43
44
45
46
47
48
49
50
51
52
53
54
55
56
57
58
59
60
;

set F[f2]:=
61
62
63
64
65
66
67
68
69
70
71
72
73
74
75
76
77
78
79
80
81
82
83
84
85
86
87
88
89
90
91
92
93
94
95
96
97
98
99
100
101
102
103
104
105
;

set F[f3]:=
106
107
108
109
110
111
112
113
114
115
116
117
118
119
120
121
122
123
124
125
126
127
128
129
130
131
132
133
134
135
136
137
138
139
140
141
142
143
144
145
146
147
148
149
150
;


set E:=
(11,37)
(37,36)
(36,8)
(8,56)
(56,13)
(13,49)
(49,11)
(8,36)
(49,13)
(59,22)
(22,1)
(1,5)
(5,52)
(52,43)
(43,42)
(42,59)
(1,22)
(52,5)
(38,58)
(58,19)
(19,48)
(48,40)
(40,41)
(41,21)
(21,38)
(19,58)
(38,21)
(25,32)
(32,9)
(9,12)
(12,45)
(45,51)
(51,16)
(16,25)
(25,16)
(51,45)
(33,15)
(15,47)
(47,46)
(46,10)
(10,18)
(18,28)
(28,33)
(47,15)
(33,28)
(4,20)
(20,23)
(23,3)
(3,24)
(24,57)
(57,54)
(54,4)
(3,23)
(24,3)
(55,17)
(17,31)
(31,6)
(6,50)
(50,39)
(39,29)
(29,55)
(55,29)
(6,31)
(60,44)
(44,26)
(26,53)
(53,35)
(35,30)
(30,14)
(14,60)
(14,30)
(26,44)
(34,7)
(7,2)
(2,27)
(27,34)
(34,27)
(94,72)
(72,69)
(69,87)
(87,93)
(93,103)
(103,84)
(84,94)
(84,103)
(72,94)
(76,97)
(97,88)
(88,68)
(68,66)
(66,71)
(71,65)
(65,76)
(97,76)
(65,71)
(77,75)
(75,80)
(80,78)
(78,70)
(70,81)
(81,61)
(61,77)
(61,81)
(80,75)
(101,95)
(95,98)
(98,63)
(63,62)
(62,64)
(64,90)
(90,101)
(62,63)
(90,64)
(82,79)
(79,105)
(105,100)
(100,104)
(104,67)
(67,74)
(74,82)
(82,74)
(74,67)
(89,73)
(73,92)
(92,102)
(102,86)
(86,96)
(96,91)
(91,89)
(102,92)
(91,96)
(99,83)
(83,85)
(85,99)
(83,99)
(123,111)
(111,136)
(136,143)
(143,130)
(130,122)
(122,144)
(144,123)
(144,122)
(130,143)
(148,147)
(147,146)
(146,141)
(141,115)
(115,124)
(124,125)
(125,148)
(147,148)
(148,125)
(133,140)
(140,117)
(117,139)
(139,149)
(149,142)
(142,106)
(106,133)
(139,117)
(140,133)
(131,116)
(116,150)
(150,120)
(120,121)
(121,138)
(138,128)
(128,131)
(121,120)
(116,131)
(132,110)
(110,126)
(126,129)
(129,119)
(119,113)
(113,107)
(107,132)
(107,113)
(126,110)
(145,127)
(127,134)
(134,112)
(112,108)
(108,109)
(109,137)
(137,145)
(137,109)
(134,127)
(135,114)
(114,118)
(118,135)
(118,114)
;

param b:=
[11,37] 1
[37,36] 1
[36,8] 8
[8,56] 1
[56,13] 1
[13,49] 10
[49,11] 1
[8,36] 8
[49,13] 10
[59,22] 1
[22,1] 10
[1,5] 1
[5,52] 5
[52,43] 1
[43,42] 1
[42,59] 1
[1,22] 9
[52,5] 5
[38,58] 1
[58,19] 8
[19,48] 1
[48,40] 1
[40,41] 1
[41,21] 1
[21,38] 8
[19,58] 7
[38,21] 9
[25,32] 1
[32,9] 1
[9,12] 1
[12,45] 1
[45,51] 9
[51,16] 1
[16,25] 6
[25,16] 10
[51,45] 6
[33,15] 1
[15,47] 7
[47,46] 1
[46,10] 1
[10,18] 1
[18,28] 1
[28,33] 9
[47,15] 6
[33,28] 10
[4,20] 1
[20,23] 1
[23,3] 6
[3,24] 9
[24,57] 1
[57,54] 1
[54,4] 1
[3,23] 6
[24,3] 8
[55,17] 1
[17,31] 1
[31,6] 8
[6,50] 1
[50,39] 1
[39,29] 1
[29,55] 5
[55,29] 10
[6,31] 6
[60,44] 1
[44,26] 5
[26,53] 1
[53,35] 1
[35,30] 1
[30,14] 6
[14,60] 1
[14,30] 10
[26,44] 5
[34,7] 1
[7,2] 1
[2,27] 1
[27,34] 5
[34,27] 6
[94,72] 5
[72,69] 1
[69,87] 1
[87,93] 1
[93,103] 1
[103,84] 9
[84,94] 1
[84,103] 9
[72,94] 6
[76,97] 9
[97,88] 1
[88,68] 1
[68,66] 1
[66,71] 1
[71,65] 7
[65,76] 1
[97,76] 9
[65,71] 7
[77,75] 1
[75,80] 9
[80,78] 1
[78,70] 1
[70,81] 1
[81,61] 8
[61,77] 1
[61,81] 6
[80,75] 7
[101,95] 1
[95,98] 1
[98,63] 1
[63,62] 9
[62,64] 1
[64,90] 9
[90,101] 1
[62,63] 7
[90,64] 9
[82,79] 1
[79,105] 1
[105,100] 1
[100,104] 1
[104,67] 1
[67,74] 6
[74,82] 8
[82,74] 9
[74,67] 10
[89,73] 1
[73,92] 1
[92,102] 5
[102,86] 1
[86,96] 1
[96,91] 8
[91,89] 1
[102,92] 6
[91,96] 7
[99,83] 8
[83,85] 1
[85,99] 1
[83,99] 10
[123,111] 1
[111,136] 1
[136,143] 1
[143,130] 10
[130,122] 1
[122,144] 8
[144,123] 1
[144,122] 10
[130,143] 6
[148,147] 5
[147,146] 1
[146,141] 1
[141,115] 1
[115,124] 1
[124,125] 1
[125,148] 5
[147,148] 8
[148,125] 9
[133,140] 8
[140,117] 1
[117,139] 5
[139,149] 1
[149,142] 1
[142,106] 1
[106,133] 1
[139,117] 6
[140,133] 8
[131,116] 10
[116,150] 1
[150,120] 1
[120,121] 5
[121,138] 1
[138,128] 1
[128,131] 1
[121,120] 5
[116,131] 8
[132,110] 1
[110,126] 7
[126,129] 1
[129,119] 1
[119,113] 1
[113,107] 5
[107,132] 1
[107,113] 6
[126,110] 9
[145,127] 1
[127,134] 8
[134,112] 1
[112,108] 1
[108,109] 1
[109,137] 9
[137,145] 1
[137,109] 9
[134,127] 9
[135,114] 1
[114,118] 6
[118,135] 1
[118,114] 6
;

param d:=
1	20
10	2
100	2
101	2
102	12
103	19
104	2
105	2
106	2
107	12
108	2
109	19
11	2
110	17
111	2
112	2
113	12
114	13
115	2
116	19
117	12
118	13
119	2
12	2
120	11
121	11
122	19
123	2
124	2
125	15
126	17
127	18
128	2
129	2
13	21
130	17
131	19
132	2
133	17
134	18
135	2
136	2
137	19
138	2
139	12
14	17
140	17
141	2
142	2
143	17
144	19
145	2
146	2
147	14
148	27
149	2
15	14
150	2
16	17
17	2
18	2
19	16
2	2
20	2
21	18
22	20
23	13
24	18
25	17
26	11
27	12
28	20
29	16
3	29
30	17
31	15
32	2
33	20
34	12
35	2
36	17
37	2
38	18
39	2
4	2
40	2
41	2
42	2
43	2
44	11
45	16
46	2
47	14
48	2
49	21
5	11
50	2
51	16
52	11
53	2
54	2
55	16
56	2
57	2
58	16
59	2
6	15
60	2
61	15
62	17
63	17
64	19
65	15
66	2
67	17
68	2
69	2
7	2
70	2
71	15
72	12
73	2
74	33
75	17
76	19
77	2
78	2
79	2
8	17
80	17
81	15
82	18
83	19
84	19
85	2
86	2
87	2
88	2
89	2
9	2
90	19
91	16
92	12
93	2
94	12
95	2
96	16
97	19
98	2
99	19
;


end;
