data;

param broj_grana:=193;
param N:=150;
param L1:=0.0013441;
param L2:=0.0003360;

set FC:=
f1
f2
f3
;

set V:=
1
2
3
4
5
6
7
8
9
10
11
12
13
14
15
16
17
18
19
20
21
22
23
24
25
26
27
28
29
30
31
32
33
34
35
36
37
38
39
40
41
42
43
44
45
46
47
48
49
50
51
52
53
54
55
56
57
58
59
60
61
62
63
64
65
66
67
68
69
70
71
72
73
74
75
76
77
78
79
80
81
82
83
84
85
86
87
88
89
90
91
92
93
94
95
96
97
98
99
100
101
102
103
104
105
106
107
108
109
110
111
112
113
114
115
116
117
118
119
120
121
122
123
124
125
126
127
128
129
130
131
132
133
134
135
136
137
138
139
140
141
142
143
144
145
146
147
148
149
150
;

set F[f1]:=
1
2
3
4
5
6
7
8
9
10
11
12
13
14
15
16
17
18
19
20
21
22
23
24
25
26
27
28
29
30
31
32
33
34
35
36
37
38
39
40
41
42
43
44
45
46
47
48
49
50
51
52
53
54
55
56
57
58
59
60
;

set F[f2]:=
61
62
63
64
65
66
67
68
69
70
71
72
73
74
75
76
77
78
79
80
81
82
83
84
85
86
87
88
89
90
91
92
93
94
95
96
97
98
99
100
101
102
103
104
105
;

set F[f3]:=
106
107
108
109
110
111
112
113
114
115
116
117
118
119
120
121
122
123
124
125
126
127
128
129
130
131
132
133
134
135
136
137
138
139
140
141
142
143
144
145
146
147
148
149
150
;


set E:=
(36,38)
(38,40)
(40,26)
(26,52)
(52,39)
(39,48)
(48,36)
(38,36)
(40,38)
(22,59)
(59,9)
(9,21)
(21,18)
(18,16)
(16,30)
(30,22)
(30,16)
(22,30)
(14,41)
(41,37)
(37,13)
(13,5)
(5,53)
(53,11)
(11,14)
(41,14)
(53,5)
(3,15)
(15,24)
(24,6)
(6,45)
(45,33)
(33,60)
(60,3)
(45,6)
(6,24)
(29,8)
(8,25)
(25,28)
(28,54)
(54,1)
(1,44)
(44,29)
(28,25)
(1,54)
(57,31)
(31,56)
(56,32)
(32,12)
(12,46)
(46,27)
(27,57)
(32,56)
(46,12)
(17,20)
(20,34)
(34,43)
(43,35)
(35,2)
(2,49)
(49,17)
(20,17)
(49,2)
(10,4)
(4,51)
(51,50)
(50,7)
(7,58)
(58,55)
(55,10)
(58,7)
(10,55)
(47,23)
(23,42)
(42,19)
(19,47)
(19,42)
(103,95)
(95,76)
(76,77)
(77,78)
(78,83)
(83,104)
(104,103)
(76,95)
(103,104)
(91,84)
(84,98)
(98,100)
(100,87)
(87,71)
(71,101)
(101,91)
(100,98)
(101,71)
(61,75)
(75,99)
(99,72)
(72,102)
(102,90)
(90,85)
(85,61)
(90,102)
(99,75)
(94,97)
(97,96)
(96,65)
(65,105)
(105,80)
(80,79)
(79,94)
(96,97)
(65,96)
(82,67)
(67,86)
(86,66)
(66,81)
(81,89)
(89,93)
(93,82)
(89,81)
(93,89)
(62,68)
(68,64)
(64,88)
(88,74)
(74,69)
(69,92)
(92,62)
(92,69)
(69,74)
(73,70)
(70,63)
(63,73)
(73,63)
(149,146)
(146,142)
(142,119)
(119,139)
(139,113)
(113,137)
(137,149)
(139,119)
(146,149)
(124,125)
(125,143)
(143,116)
(116,126)
(126,148)
(148,118)
(118,124)
(125,124)
(126,116)
(133,132)
(132,107)
(107,123)
(123,129)
(129,130)
(130,106)
(106,133)
(123,107)
(133,106)
(131,145)
(145,128)
(128,117)
(117,141)
(141,115)
(115,114)
(114,131)
(115,141)
(114,115)
(120,144)
(144,122)
(122,150)
(150,134)
(134,147)
(147,127)
(127,120)
(127,147)
(144,120)
(110,112)
(112,138)
(138,121)
(121,135)
(135,109)
(109,136)
(136,110)
(112,110)
(109,135)
(108,111)
(111,140)
(140,108)
(140,111)
;

param b:=
[36,38] 8
[38,40] 9
[40,26] 1
[26,52] 1
[52,39] 1
[39,48] 1
[48,36] 1
[38,36] 6
[40,38] 6
[22,59] 1
[59,9] 1
[9,21] 1
[21,18] 1
[18,16] 1
[16,30] 5
[30,22] 6
[30,16] 7
[22,30] 6
[14,41] 8
[41,37] 1
[37,13] 1
[13,5] 1
[5,53] 5
[53,11] 1
[11,14] 1
[41,14] 6
[53,5] 6
[3,15] 1
[15,24] 1
[24,6] 7
[6,45] 7
[45,33] 1
[33,60] 1
[60,3] 1
[45,6] 6
[6,24] 8
[29,8] 1
[8,25] 1
[25,28] 5
[28,54] 1
[54,1] 6
[1,44] 1
[44,29] 1
[28,25] 9
[1,54] 7
[57,31] 1
[31,56] 1
[56,32] 8
[32,12] 1
[12,46] 5
[46,27] 1
[27,57] 1
[32,56] 8
[46,12] 10
[17,20] 8
[20,34] 1
[34,43] 1
[43,35] 1
[35,2] 1
[2,49] 6
[49,17] 1
[20,17] 9
[49,2] 5
[10,4] 1
[4,51] 1
[51,50] 1
[50,7] 1
[7,58] 6
[58,55] 1
[55,10] 6
[58,7] 8
[10,55] 7
[47,23] 1
[23,42] 1
[42,19] 7
[19,47] 1
[19,42] 5
[103,95] 1
[95,76] 5
[76,77] 1
[77,78] 1
[78,83] 1
[83,104] 1
[104,103] 8
[76,95] 5
[103,104] 6
[91,84] 1
[84,98] 1
[98,100] 6
[100,87] 1
[87,71] 1
[71,101] 10
[101,91] 1
[100,98] 9
[101,71] 8
[61,75] 1
[75,99] 7
[99,72] 1
[72,102] 1
[102,90] 7
[90,85] 1
[85,61] 1
[90,102] 10
[99,75] 7
[94,97] 1
[97,96] 10
[96,65] 7
[65,105] 1
[105,80] 1
[80,79] 1
[79,94] 1
[96,97] 9
[65,96] 6
[82,67] 1
[67,86] 1
[86,66] 1
[66,81] 1
[81,89] 6
[89,93] 10
[93,82] 1
[89,81] 6
[93,89] 10
[62,68] 1
[68,64] 1
[64,88] 1
[88,74] 1
[74,69] 9
[69,92] 8
[92,62] 1
[92,69] 5
[69,74] 7
[73,70] 1
[70,63] 1
[63,73] 7
[73,63] 10
[149,146] 8
[146,142] 1
[142,119] 1
[119,139] 7
[139,113] 1
[113,137] 1
[137,149] 1
[139,119] 9
[146,149] 10
[124,125] 10
[125,143] 1
[143,116] 1
[116,126] 10
[126,148] 1
[148,118] 1
[118,124] 1
[125,124] 6
[126,116] 7
[133,132] 1
[132,107] 1
[107,123] 10
[123,129] 1
[129,130] 1
[130,106] 1
[106,133] 6
[123,107] 9
[133,106] 8
[131,145] 1
[145,128] 1
[128,117] 1
[117,141] 1
[141,115] 8
[115,114] 8
[114,131] 1
[115,141] 8
[114,115] 6
[120,144] 10
[144,122] 1
[122,150] 1
[150,134] 1
[134,147] 1
[147,127] 8
[127,120] 1
[127,147] 6
[144,120] 8
[110,112] 7
[112,138] 1
[138,121] 1
[121,135] 1
[135,109] 5
[109,136] 1
[136,110] 1
[112,110] 6
[109,135] 10
[108,111] 1
[111,140] 10
[140,108] 1
[140,111] 8
;

param d:=
1	14
10	14
100	16
101	19
102	18
103	15
104	15
105	2
106	15
107	20
108	2
109	16
11	2
110	14
111	19
112	14
113	2
114	15
115	30
116	18
117	2
118	2
119	17
12	16
120	19
121	2
122	2
123	20
124	17
125	17
126	18
127	15
128	2
129	2
13	2
130	2
131	2
132	2
133	15
134	2
135	16
136	2
137	2
138	2
139	17
14	15
140	19
141	17
142	2
143	2
144	19
145	2
146	19
147	15
148	2
149	19
15	2
150	2
16	13
17	18
18	2
19	13
2	12
20	18
21	2
22	13
23	2
24	16
25	15
26	2
27	2
28	15
29	2
3	2
30	24
31	2
32	17
33	2
34	2
35	2
36	15
37	2
38	29
39	2
4	2
40	16
41	15
42	13
43	2
44	2
45	14
46	16
47	2
48	2
49	12
5	12
50	2
51	2
52	2
53	12
54	14
55	14
56	17
57	2
58	15
59	2
6	28
60	2
61	2
62	2
63	18
64	2
65	14
66	2
67	2
68	2
69	29
7	15
70	2
71	19
72	2
73	18
74	17
75	15
76	11
77	2
78	2
79	2
8	2
80	2
81	13
82	2
83	2
84	2
85	2
86	2
87	2
88	2
89	32
9	2
90	18
91	2
92	14
93	21
94	2
95	11
96	32
97	20
98	16
99	15
;


end;
