data;

param broj_grana:=193;
param N:=150;
param L1:=0.0013405;
param L2:=0.0003351;

set FC:=
f1
f2
f3
;

set V:=
1
2
3
4
5
6
7
8
9
10
11
12
13
14
15
16
17
18
19
20
21
22
23
24
25
26
27
28
29
30
31
32
33
34
35
36
37
38
39
40
41
42
43
44
45
46
47
48
49
50
51
52
53
54
55
56
57
58
59
60
61
62
63
64
65
66
67
68
69
70
71
72
73
74
75
76
77
78
79
80
81
82
83
84
85
86
87
88
89
90
91
92
93
94
95
96
97
98
99
100
101
102
103
104
105
106
107
108
109
110
111
112
113
114
115
116
117
118
119
120
121
122
123
124
125
126
127
128
129
130
131
132
133
134
135
136
137
138
139
140
141
142
143
144
145
146
147
148
149
150
;

set F[f1]:=
1
2
3
4
5
6
7
8
9
10
11
12
13
14
15
16
17
18
19
20
21
22
23
24
25
26
27
28
29
30
31
32
33
34
35
36
37
38
39
40
41
42
43
44
45
46
47
48
49
50
51
52
53
54
55
56
57
58
59
60
;

set F[f2]:=
61
62
63
64
65
66
67
68
69
70
71
72
73
74
75
76
77
78
79
80
81
82
83
84
85
86
87
88
89
90
91
92
93
94
95
96
97
98
99
100
101
102
103
104
105
;

set F[f3]:=
106
107
108
109
110
111
112
113
114
115
116
117
118
119
120
121
122
123
124
125
126
127
128
129
130
131
132
133
134
135
136
137
138
139
140
141
142
143
144
145
146
147
148
149
150
;


set E:=
(58,19)
(19,49)
(49,44)
(44,16)
(16,55)
(55,60)
(60,58)
(16,44)
(60,55)
(4,53)
(53,52)
(52,33)
(33,54)
(54,5)
(5,1)
(1,4)
(33,52)
(52,53)
(40,56)
(56,34)
(34,11)
(11,17)
(17,38)
(38,45)
(45,40)
(17,11)
(38,17)
(27,59)
(59,41)
(41,43)
(43,26)
(26,32)
(32,50)
(50,27)
(27,50)
(41,59)
(24,15)
(15,14)
(14,3)
(3,37)
(37,39)
(39,28)
(28,24)
(14,15)
(37,3)
(36,22)
(22,2)
(2,35)
(35,7)
(7,46)
(46,13)
(13,36)
(7,35)
(35,2)
(6,48)
(48,9)
(9,23)
(23,51)
(51,47)
(47,18)
(18,6)
(9,48)
(23,9)
(31,12)
(12,8)
(8,20)
(20,29)
(29,57)
(57,10)
(10,31)
(8,12)
(10,57)
(42,30)
(30,25)
(25,21)
(21,42)
(30,42)
(72,71)
(71,87)
(87,66)
(66,96)
(96,98)
(98,81)
(81,72)
(87,71)
(96,66)
(67,70)
(70,75)
(75,83)
(83,68)
(68,85)
(85,92)
(92,67)
(83,75)
(70,67)
(97,100)
(100,77)
(77,61)
(61,88)
(88,69)
(69,73)
(73,97)
(88,61)
(77,100)
(84,79)
(79,63)
(63,95)
(95,93)
(93,86)
(86,99)
(99,84)
(84,99)
(79,84)
(78,82)
(82,64)
(64,101)
(101,90)
(90,104)
(104,62)
(62,78)
(104,90)
(64,82)
(80,103)
(103,91)
(91,102)
(102,105)
(105,76)
(76,94)
(94,80)
(91,103)
(76,105)
(65,89)
(89,74)
(74,65)
(65,74)
(117,111)
(111,145)
(145,141)
(141,134)
(134,147)
(147,144)
(144,117)
(147,134)
(117,144)
(110,137)
(137,132)
(132,146)
(146,112)
(112,123)
(123,131)
(131,110)
(137,110)
(146,132)
(108,142)
(142,148)
(148,149)
(149,116)
(116,114)
(114,125)
(125,108)
(116,149)
(108,125)
(139,115)
(115,119)
(119,130)
(130,106)
(106,124)
(124,129)
(129,139)
(124,106)
(129,124)
(127,121)
(121,122)
(122,126)
(126,140)
(140,143)
(143,150)
(150,127)
(126,122)
(121,127)
(138,128)
(128,135)
(135,109)
(109,118)
(118,107)
(107,113)
(113,138)
(118,109)
(128,138)
(136,133)
(133,120)
(120,136)
(136,120)
;

param b:=
[58,19] 1
[19,49] 1
[49,44] 1
[44,16] 7
[16,55] 1
[55,60] 8
[60,58] 1
[16,44] 10
[60,55] 6
[4,53] 1
[53,52] 10
[52,33] 7
[33,54] 1
[54,5] 1
[5,1] 1
[1,4] 1
[33,52] 6
[52,53] 6
[40,56] 1
[56,34] 1
[34,11] 1
[11,17] 8
[17,38] 9
[38,45] 1
[45,40] 1
[17,11] 5
[38,17] 6
[27,59] 1
[59,41] 7
[41,43] 1
[43,26] 1
[26,32] 1
[32,50] 1
[50,27] 7
[27,50] 9
[41,59] 9
[24,15] 1
[15,14] 5
[14,3] 1
[3,37] 8
[37,39] 1
[39,28] 1
[28,24] 1
[14,15] 9
[37,3] 10
[36,22] 1
[22,2] 1
[2,35] 5
[35,7] 9
[7,46] 1
[46,13] 1
[13,36] 1
[7,35] 9
[35,2] 10
[6,48] 1
[48,9] 8
[9,23] 5
[23,51] 1
[51,47] 1
[47,18] 1
[18,6] 1
[9,48] 5
[23,9] 10
[31,12] 1
[12,8] 5
[8,20] 1
[20,29] 1
[29,57] 1
[57,10] 7
[10,31] 1
[8,12] 9
[10,57] 9
[42,30] 5
[30,25] 1
[25,21] 1
[21,42] 1
[30,42] 9
[72,71] 1
[71,87] 7
[87,66] 1
[66,96] 6
[96,98] 1
[98,81] 1
[81,72] 1
[87,71] 5
[96,66] 10
[67,70] 5
[70,75] 1
[75,83] 8
[83,68] 1
[68,85] 1
[85,92] 1
[92,67] 1
[83,75] 6
[70,67] 5
[97,100] 1
[100,77] 7
[77,61] 1
[61,88] 9
[88,69] 1
[69,73] 1
[73,97] 1
[88,61] 5
[77,100] 9
[84,79] 6
[79,63] 1
[63,95] 1
[95,93] 1
[93,86] 1
[86,99] 1
[99,84] 10
[84,99] 7
[79,84] 5
[78,82] 1
[82,64] 9
[64,101] 1
[101,90] 1
[90,104] 7
[104,62] 1
[62,78] 1
[104,90] 10
[64,82] 7
[80,103] 1
[103,91] 5
[91,102] 1
[102,105] 1
[105,76] 9
[76,94] 1
[94,80] 1
[91,103] 6
[76,105] 7
[65,89] 1
[89,74] 1
[74,65] 8
[65,74] 9
[117,111] 1
[111,145] 1
[145,141] 1
[141,134] 1
[134,147] 5
[147,144] 1
[144,117] 8
[147,134] 9
[117,144] 5
[110,137] 10
[137,132] 1
[132,146] 9
[146,112] 1
[112,123] 1
[123,131] 1
[131,110] 1
[137,110] 7
[146,132] 8
[108,142] 1
[142,148] 1
[148,149] 1
[149,116] 10
[116,114] 1
[114,125] 1
[125,108] 9
[116,149] 5
[108,125] 10
[139,115] 1
[115,119] 1
[119,130] 1
[130,106] 1
[106,124] 8
[124,129] 7
[129,139] 1
[124,106] 8
[129,124] 7
[127,121] 6
[121,122] 1
[122,126] 9
[126,140] 1
[140,143] 1
[143,150] 1
[150,127] 1
[126,122] 6
[121,127] 10
[138,128] 7
[128,135] 1
[135,109] 1
[109,118] 6
[118,107] 1
[107,113] 1
[113,138] 1
[118,109] 9
[128,138] 5
[136,133] 1
[133,120] 1
[120,136] 5
[136,120] 7
;

param d:=
1	2
10	17
100	17
101	2
102	2
103	12
104	18
105	17
106	17
107	2
108	20
109	16
11	14
110	18
111	2
112	2
113	2
114	2
115	2
116	16
117	14
118	16
119	2
12	15
120	13
121	17
122	16
123	2
124	30
125	20
126	16
127	17
128	13
129	15
13	2
130	2
131	2
132	18
133	2
134	15
135	2
136	13
137	18
138	13
139	2
14	15
140	2
141	2
142	2
143	2
144	14
145	2
146	18
147	15
148	2
149	16
15	15
150	2
16	18
17	28
18	2
19	2
2	16
20	2
21	2
22	2
23	16
24	2
25	2
26	2
27	17
28	2
29	2
3	19
30	15
31	2
32	2
33	14
34	2
35	33
36	2
37	19
38	16
39	2
4	2
40	2
41	17
42	15
43	2
44	18
45	2
46	2
47	2
48	14
49	2
5	2
50	17
51	2
52	29
53	17
54	2
55	15
56	2
57	17
58	2
59	17
6	2
60	15
61	15
62	2
63	2
64	17
65	18
66	17
67	11
68	2
69	2
7	19
70	11
71	13
72	2
73	2
74	18
75	15
76	17
77	17
78	2
79	12
8	15
80	2
81	2
82	17
83	15
84	28
85	2
86	2
87	13
88	15
89	2
9	28
90	18
91	12
92	2
93	2
94	2
95	2
96	17
97	2
98	2
99	18
;


end;
