data;

param broj_grana:=193;
param N:=150;
param L1:=0.0013210;
param L2:=0.0003303;

set FC:=
f1
f2
f3
;

set V:=
1
2
3
4
5
6
7
8
9
10
11
12
13
14
15
16
17
18
19
20
21
22
23
24
25
26
27
28
29
30
31
32
33
34
35
36
37
38
39
40
41
42
43
44
45
46
47
48
49
50
51
52
53
54
55
56
57
58
59
60
61
62
63
64
65
66
67
68
69
70
71
72
73
74
75
76
77
78
79
80
81
82
83
84
85
86
87
88
89
90
91
92
93
94
95
96
97
98
99
100
101
102
103
104
105
106
107
108
109
110
111
112
113
114
115
116
117
118
119
120
121
122
123
124
125
126
127
128
129
130
131
132
133
134
135
136
137
138
139
140
141
142
143
144
145
146
147
148
149
150
;

set F[f1]:=
1
2
3
4
5
6
7
8
9
10
11
12
13
14
15
16
17
18
19
20
21
22
23
24
25
26
27
28
29
30
31
32
33
34
35
36
37
38
39
40
41
42
43
44
45
46
47
48
49
50
51
52
53
54
55
56
57
58
59
60
;

set F[f2]:=
61
62
63
64
65
66
67
68
69
70
71
72
73
74
75
76
77
78
79
80
81
82
83
84
85
86
87
88
89
90
91
92
93
94
95
96
97
98
99
100
101
102
103
104
105
;

set F[f3]:=
106
107
108
109
110
111
112
113
114
115
116
117
118
119
120
121
122
123
124
125
126
127
128
129
130
131
132
133
134
135
136
137
138
139
140
141
142
143
144
145
146
147
148
149
150
;


set E:=
(9,18)
(18,44)
(44,56)
(56,30)
(30,48)
(48,19)
(19,9)
(56,44)
(30,56)
(39,8)
(8,47)
(47,14)
(14,38)
(38,51)
(51,4)
(4,39)
(47,8)
(51,38)
(33,25)
(25,43)
(43,40)
(40,55)
(55,35)
(35,58)
(58,33)
(35,55)
(33,58)
(3,16)
(16,22)
(22,32)
(32,12)
(12,28)
(28,42)
(42,3)
(28,12)
(32,22)
(23,5)
(5,29)
(29,45)
(45,53)
(53,36)
(36,52)
(52,23)
(53,45)
(23,52)
(20,17)
(17,13)
(13,2)
(2,11)
(11,1)
(1,34)
(34,20)
(11,2)
(1,11)
(21,26)
(26,24)
(24,10)
(10,59)
(59,41)
(41,27)
(27,21)
(10,24)
(41,59)
(49,6)
(6,37)
(37,54)
(54,57)
(57,46)
(46,60)
(60,49)
(54,37)
(46,57)
(50,15)
(15,31)
(31,7)
(7,50)
(15,50)
(96,62)
(62,99)
(99,66)
(66,101)
(101,91)
(91,77)
(77,96)
(77,91)
(91,101)
(82,87)
(87,67)
(67,97)
(97,88)
(88,84)
(84,78)
(78,82)
(87,82)
(82,78)
(98,76)
(76,94)
(94,80)
(80,71)
(71,83)
(83,89)
(89,98)
(83,71)
(80,94)
(70,90)
(90,105)
(105,79)
(79,104)
(104,95)
(95,100)
(100,70)
(79,105)
(104,79)
(69,81)
(81,68)
(68,61)
(61,72)
(72,65)
(65,85)
(85,69)
(81,69)
(72,61)
(93,102)
(102,73)
(73,103)
(103,75)
(75,63)
(63,92)
(92,93)
(103,73)
(102,93)
(74,86)
(86,64)
(64,74)
(74,64)
(150,115)
(115,124)
(124,125)
(125,135)
(135,107)
(107,112)
(112,150)
(125,124)
(150,112)
(119,122)
(122,139)
(139,136)
(136,121)
(121,147)
(147,123)
(123,119)
(121,136)
(123,147)
(127,149)
(149,145)
(145,110)
(110,142)
(142,144)
(144,114)
(114,127)
(144,142)
(127,114)
(116,126)
(126,111)
(111,138)
(138,113)
(113,131)
(131,129)
(129,116)
(116,129)
(138,111)
(132,108)
(108,134)
(134,120)
(120,109)
(109,141)
(141,106)
(106,132)
(108,132)
(132,106)
(148,146)
(146,117)
(117,130)
(130,137)
(137,140)
(140,143)
(143,148)
(117,146)
(140,137)
(133,128)
(128,118)
(118,133)
(118,128)
;

param b:=
[9,18] 1
[18,44] 1
[44,56] 10
[56,30] 9
[30,48] 1
[48,19] 1
[19,9] 1
[56,44] 7
[30,56] 7
[39,8] 1
[8,47] 10
[47,14] 1
[14,38] 1
[38,51] 10
[51,4] 1
[4,39] 1
[47,8] 6
[51,38] 6
[33,25] 1
[25,43] 1
[43,40] 1
[40,55] 1
[55,35] 9
[35,58] 1
[58,33] 8
[35,55] 10
[33,58] 9
[3,16] 1
[16,22] 1
[22,32] 10
[32,12] 1
[12,28] 10
[28,42] 1
[42,3] 1
[28,12] 7
[32,22] 5
[23,5] 1
[5,29] 1
[29,45] 1
[45,53] 9
[53,36] 1
[36,52] 1
[52,23] 10
[53,45] 10
[23,52] 9
[20,17] 1
[17,13] 1
[13,2] 1
[2,11] 6
[11,1] 8
[1,34] 1
[34,20] 1
[11,2] 9
[1,11] 5
[21,26] 1
[26,24] 1
[24,10] 5
[10,59] 1
[59,41] 7
[41,27] 1
[27,21] 1
[10,24] 9
[41,59] 9
[49,6] 1
[6,37] 1
[37,54] 5
[54,57] 1
[57,46] 6
[46,60] 1
[60,49] 1
[54,37] 7
[46,57] 7
[50,15] 6
[15,31] 1
[31,7] 1
[7,50] 1
[15,50] 6
[96,62] 1
[62,99] 1
[99,66] 1
[66,101] 1
[101,91] 7
[91,77] 10
[77,96] 1
[77,91] 7
[91,101] 7
[82,87] 10
[87,67] 1
[67,97] 1
[97,88] 1
[88,84] 1
[84,78] 1
[78,82] 6
[87,82] 9
[82,78] 6
[98,76] 1
[76,94] 1
[94,80] 8
[80,71] 1
[71,83] 9
[83,89] 1
[89,98] 1
[83,71] 7
[80,94] 9
[70,90] 1
[90,105] 1
[105,79] 7
[79,104] 7
[104,95] 1
[95,100] 1
[100,70] 1
[79,105] 8
[104,79] 8
[69,81] 6
[81,68] 1
[68,61] 1
[61,72] 6
[72,65] 1
[65,85] 1
[85,69] 1
[81,69] 6
[72,61] 7
[93,102] 10
[102,73] 1
[73,103] 7
[103,75] 1
[75,63] 1
[63,92] 1
[92,93] 1
[103,73] 5
[102,93] 5
[74,86] 1
[86,64] 1
[64,74] 5
[74,64] 9
[150,115] 1
[115,124] 1
[124,125] 5
[125,135] 1
[135,107] 1
[107,112] 1
[112,150] 9
[125,124] 9
[150,112] 9
[119,122] 1
[122,139] 1
[139,136] 1
[136,121] 7
[121,147] 1
[147,123] 7
[123,119] 1
[121,136] 5
[123,147] 6
[127,149] 1
[149,145] 1
[145,110] 1
[110,142] 1
[142,144] 7
[144,114] 1
[114,127] 8
[144,142] 6
[127,114] 10
[116,126] 1
[126,111] 1
[111,138] 10
[138,113] 1
[113,131] 1
[131,129] 1
[129,116] 7
[116,129] 8
[138,111] 5
[132,108] 7
[108,134] 1
[134,120] 1
[120,109] 1
[109,141] 1
[141,106] 1
[106,132] 10
[108,132] 7
[132,106] 10
[148,146] 1
[146,117] 6
[117,130] 1
[130,137] 1
[137,140] 5
[140,143] 1
[143,148] 1
[117,146] 8
[140,137] 9
[133,128] 1
[128,118] 5
[118,133] 1
[118,128] 8
;

param d:=
1	14
10	15
100	2
101	15
102	16
103	13
104	16
105	16
106	21
107	2
108	15
109	2
11	28
110	2
111	16
112	19
113	2
114	19
115	2
116	16
117	15
118	14
119	2
12	18
120	2
121	13
122	2
123	14
124	15
125	15
126	2
127	19
128	14
129	16
13	2
130	2
131	2
132	34
133	2
134	2
135	2
136	13
137	15
138	16
139	2
14	2
140	15
141	2
142	14
143	2
144	14
145	2
146	15
147	14
148	2
149	2
15	13
150	19
16	2
17	2
18	2
19	2
2	16
20	2
21	2
22	16
23	20
24	15
25	2
26	2
27	2
28	18
29	2
3	2
30	17
31	2
32	16
33	18
34	2
35	20
36	2
37	13
38	17
39	2
4	2
40	2
41	17
42	2
43	2
44	18
45	20
46	14
47	17
48	2
49	2
5	2
50	13
51	17
52	20
53	20
54	13
55	20
56	33
57	14
58	18
59	17
6	2
60	2
61	14
62	2
63	2
64	15
65	2
66	2
67	2
68	2
69	13
7	2
70	2
71	17
72	14
73	13
74	15
75	2
76	2
77	18
78	13
79	30
8	17
80	18
81	13
82	31
83	17
84	2
85	2
86	2
87	20
88	2
89	2
9	2
90	2
91	31
92	2
93	16
94	18
95	2
96	2
97	2
98	2
99	2
;


end;
