data;

param broj_grana:=193;
param N:=150;
param L1:=0.0013038;
param L2:=0.0003259;

set FC:=
f1
f2
f3
;

set V:=
1
2
3
4
5
6
7
8
9
10
11
12
13
14
15
16
17
18
19
20
21
22
23
24
25
26
27
28
29
30
31
32
33
34
35
36
37
38
39
40
41
42
43
44
45
46
47
48
49
50
51
52
53
54
55
56
57
58
59
60
61
62
63
64
65
66
67
68
69
70
71
72
73
74
75
76
77
78
79
80
81
82
83
84
85
86
87
88
89
90
91
92
93
94
95
96
97
98
99
100
101
102
103
104
105
106
107
108
109
110
111
112
113
114
115
116
117
118
119
120
121
122
123
124
125
126
127
128
129
130
131
132
133
134
135
136
137
138
139
140
141
142
143
144
145
146
147
148
149
150
;

set F[f1]:=
1
2
3
4
5
6
7
8
9
10
11
12
13
14
15
16
17
18
19
20
21
22
23
24
25
26
27
28
29
30
31
32
33
34
35
36
37
38
39
40
41
42
43
44
45
46
47
48
49
50
51
52
53
54
55
56
57
58
59
60
;

set F[f2]:=
61
62
63
64
65
66
67
68
69
70
71
72
73
74
75
76
77
78
79
80
81
82
83
84
85
86
87
88
89
90
91
92
93
94
95
96
97
98
99
100
101
102
103
104
105
;

set F[f3]:=
106
107
108
109
110
111
112
113
114
115
116
117
118
119
120
121
122
123
124
125
126
127
128
129
130
131
132
133
134
135
136
137
138
139
140
141
142
143
144
145
146
147
148
149
150
;


set E:=
(4,40)
(40,32)
(32,46)
(46,31)
(31,57)
(57,42)
(42,4)
(32,40)
(42,57)
(43,24)
(24,13)
(13,39)
(39,37)
(37,47)
(47,36)
(36,43)
(37,39)
(39,13)
(38,1)
(1,44)
(44,52)
(52,29)
(29,3)
(3,14)
(14,38)
(3,29)
(52,44)
(41,26)
(26,6)
(6,10)
(10,28)
(28,45)
(45,34)
(34,41)
(34,45)
(45,28)
(5,49)
(49,21)
(21,8)
(8,58)
(58,30)
(30,51)
(51,5)
(21,49)
(5,51)
(16,18)
(18,11)
(11,15)
(15,22)
(22,53)
(53,60)
(60,16)
(15,11)
(11,18)
(20,54)
(54,59)
(59,27)
(27,12)
(12,55)
(55,2)
(2,20)
(20,2)
(27,59)
(7,9)
(9,48)
(48,50)
(50,35)
(35,25)
(25,17)
(17,7)
(48,9)
(25,35)
(23,19)
(19,33)
(33,56)
(56,23)
(33,19)
(71,79)
(79,103)
(103,73)
(73,61)
(61,76)
(76,91)
(91,71)
(73,103)
(71,91)
(98,77)
(77,70)
(70,74)
(74,69)
(69,72)
(72,97)
(97,98)
(74,70)
(69,74)
(78,96)
(96,83)
(83,94)
(94,82)
(82,101)
(101,62)
(62,78)
(96,78)
(94,83)
(88,100)
(100,99)
(99,68)
(68,84)
(84,102)
(102,89)
(89,88)
(102,84)
(100,88)
(104,86)
(86,75)
(75,87)
(87,67)
(67,93)
(93,92)
(92,104)
(93,67)
(92,93)
(90,81)
(81,80)
(80,65)
(65,105)
(105,95)
(95,63)
(63,90)
(105,65)
(95,105)
(85,64)
(64,66)
(66,85)
(66,64)
(140,111)
(111,146)
(146,150)
(150,137)
(137,113)
(113,144)
(144,140)
(140,144)
(146,111)
(115,119)
(119,126)
(126,122)
(122,142)
(142,120)
(120,110)
(110,115)
(120,142)
(110,120)
(108,118)
(118,134)
(134,138)
(138,132)
(132,112)
(112,147)
(147,108)
(118,108)
(112,132)
(109,125)
(125,127)
(127,130)
(130,124)
(124,141)
(141,107)
(107,109)
(109,107)
(130,127)
(128,136)
(136,133)
(133,149)
(149,116)
(116,114)
(114,117)
(117,128)
(133,136)
(128,117)
(135,123)
(123,143)
(143,139)
(139,106)
(106,148)
(148,131)
(131,135)
(131,148)
(139,143)
(145,129)
(129,121)
(121,145)
(129,145)
;

param b:=
[4,40] 1
[40,32] 5
[32,46] 1
[46,31] 1
[31,57] 1
[57,42] 10
[42,4] 1
[32,40] 6
[42,57] 9
[43,24] 1
[24,13] 1
[13,39] 10
[39,37] 6
[37,47] 1
[47,36] 1
[36,43] 1
[37,39] 6
[39,13] 6
[38,1] 1
[1,44] 1
[44,52] 10
[52,29] 1
[29,3] 8
[3,14] 1
[14,38] 1
[3,29] 9
[52,44] 6
[41,26] 1
[26,6] 1
[6,10] 1
[10,28] 1
[28,45] 7
[45,34] 9
[34,41] 1
[34,45] 7
[45,28] 10
[5,49] 1
[49,21] 5
[21,8] 1
[8,58] 1
[58,30] 1
[30,51] 1
[51,5] 9
[21,49] 8
[5,51] 8
[16,18] 1
[18,11] 7
[11,15] 10
[15,22] 1
[22,53] 1
[53,60] 1
[60,16] 1
[15,11] 8
[11,18] 5
[20,54] 1
[54,59] 1
[59,27] 10
[27,12] 1
[12,55] 1
[55,2] 1
[2,20] 9
[20,2] 10
[27,59] 8
[7,9] 1
[9,48] 9
[48,50] 1
[50,35] 1
[35,25] 10
[25,17] 1
[17,7] 1
[48,9] 8
[25,35] 10
[23,19] 1
[19,33] 10
[33,56] 1
[56,23] 1
[33,19] 5
[71,79] 1
[79,103] 1
[103,73] 5
[73,61] 1
[61,76] 1
[76,91] 1
[91,71] 6
[73,103] 9
[71,91] 5
[98,77] 1
[77,70] 1
[70,74] 8
[74,69] 8
[69,72] 1
[72,97] 1
[97,98] 1
[74,70] 8
[69,74] 8
[78,96] 5
[96,83] 1
[83,94] 5
[94,82] 1
[82,101] 1
[101,62] 1
[62,78] 1
[96,78] 8
[94,83] 8
[88,100] 9
[100,99] 1
[99,68] 1
[68,84] 1
[84,102] 6
[102,89] 1
[89,88] 1
[102,84] 10
[100,88] 5
[104,86] 1
[86,75] 1
[75,87] 1
[87,67] 1
[67,93] 7
[93,92] 7
[92,104] 1
[93,67] 5
[92,93] 5
[90,81] 1
[81,80] 1
[80,65] 1
[65,105] 8
[105,95] 9
[95,63] 1
[63,90] 1
[105,65] 6
[95,105] 7
[85,64] 1
[64,66] 7
[66,85] 1
[66,64] 10
[140,111] 1
[111,146] 9
[146,150] 1
[150,137] 1
[137,113] 1
[113,144] 1
[144,140] 7
[140,144] 8
[146,111] 5
[115,119] 1
[119,126] 1
[126,122] 1
[122,142] 1
[142,120] 7
[120,110] 9
[110,115] 1
[120,142] 6
[110,120] 10
[108,118] 10
[118,134] 1
[134,138] 1
[138,132] 1
[132,112] 10
[112,147] 1
[147,108] 1
[118,108] 9
[112,132] 6
[109,125] 1
[125,127] 1
[127,130] 8
[130,124] 1
[124,141] 1
[141,107] 1
[107,109] 5
[109,107] 7
[130,127] 10
[128,136] 1
[136,133] 10
[133,149] 1
[149,116] 1
[116,114] 1
[114,117] 1
[117,128] 7
[133,136] 8
[128,117] 6
[135,123] 1
[123,143] 1
[143,139] 9
[139,106] 1
[106,148] 1
[148,131] 7
[131,135] 1
[131,148] 6
[139,143] 9
[145,129] 7
[129,121] 1
[121,145] 1
[129,145] 8
;

param d:=
1	2
10	2
100	15
101	2
102	17
103	15
104	2
105	30
106	2
107	13
108	20
109	13
11	30
110	20
111	15
112	17
113	2
114	2
115	2
116	2
117	14
118	20
119	2
12	2
120	32
121	2
122	2
123	2
124	2
125	2
126	2
127	19
128	14
129	16
13	17
130	19
131	14
132	17
133	19
134	2
135	2
136	19
137	2
138	2
139	19
14	2
140	16
141	2
142	14
143	19
144	16
145	16
146	15
147	2
148	14
149	2
15	19
150	2
16	2
17	2
18	13
19	16
2	20
20	20
21	14
22	2
23	2
24	2
25	21
26	2
27	19
28	18
29	18
3	18
30	2
31	2
32	12
33	16
34	17
35	21
36	2
37	13
38	2
39	28
4	2
40	12
41	2
42	20
43	2
44	17
45	33
46	2
47	2
48	18
49	14
5	18
50	2
51	18
52	17
53	2
54	2
55	2
56	2
57	20
58	2
59	19
6	2
60	2
61	2
62	2
63	2
64	18
65	15
66	18
67	13
68	2
69	17
7	2
70	17
71	12
72	2
73	15
74	32
75	2
76	2
77	2
78	14
79	2
8	2
80	2
81	2
82	2
83	14
84	17
85	2
86	2
87	2
88	15
89	2
9	18
90	2
91	12
92	13
93	24
94	14
95	17
96	14
97	2
98	2
99	2
;


end;
