data;

param broj_grana:=116;
param N:=90;
param L1:=0.0021645;
param L2:=0.0005411;

set FC:=
f1
f2
f3
;

set V:=
1
2
3
4
5
6
7
8
9
10
11
12
13
14
15
16
17
18
19
20
21
22
23
24
25
26
27
28
29
30
31
32
33
34
35
36
37
38
39
40
41
42
43
44
45
46
47
48
49
50
51
52
53
54
55
56
57
58
59
60
61
62
63
64
65
66
67
68
69
70
71
72
73
74
75
76
77
78
79
80
81
82
83
84
85
86
87
88
89
90
;

set F[f1]:=
1
2
3
4
5
6
7
8
9
10
11
12
13
14
15
16
17
18
19
20
21
22
23
24
25
26
27
28
29
30
31
32
33
34
35
36
;

set F[f2]:=
37
38
39
40
41
42
43
44
45
46
47
48
49
50
51
52
53
54
55
56
57
58
59
60
61
62
63
;

set F[f3]:=
64
65
66
67
68
69
70
71
72
73
74
75
76
77
78
79
80
81
82
83
84
85
86
87
88
89
90
;


set E:=
(10,12)
(12,6)
(6,26)
(26,34)
(34,28)
(28,13)
(13,10)
(26,6)
(6,12)
(24,36)
(36,7)
(7,25)
(25,5)
(5,22)
(22,11)
(11,24)
(36,24)
(5,25)
(3,18)
(18,2)
(2,35)
(35,1)
(1,21)
(21,19)
(19,3)
(3,19)
(18,3)
(30,15)
(15,9)
(9,17)
(17,16)
(16,33)
(33,29)
(29,30)
(29,33)
(16,17)
(4,32)
(32,20)
(20,27)
(27,8)
(8,31)
(31,14)
(14,4)
(32,4)
(27,20)
(23,23)
(42,53)
(53,44)
(44,62)
(62,50)
(50,61)
(61,40)
(40,42)
(44,53)
(53,42)
(38,37)
(37,57)
(57,39)
(39,52)
(52,58)
(58,56)
(56,38)
(39,57)
(57,37)
(51,45)
(45,46)
(46,60)
(60,41)
(41,48)
(48,54)
(54,51)
(51,54)
(48,41)
(47,49)
(49,43)
(43,63)
(63,59)
(59,55)
(55,47)
(47,55)
(43,49)
(79,73)
(73,72)
(72,71)
(71,64)
(64,66)
(66,88)
(88,79)
(72,73)
(66,64)
(81,86)
(86,75)
(75,80)
(80,78)
(78,77)
(77,84)
(84,81)
(78,80)
(77,78)
(90,70)
(70,87)
(87,89)
(89,82)
(82,67)
(67,76)
(76,90)
(89,87)
(70,90)
(69,85)
(85,74)
(74,68)
(68,83)
(83,65)
(65,69)
(69,65)
(83,68)
;

param b:=
[10,12] 1
[12,6] 5
[6,26] 9
[26,34] 1
[34,28] 1
[28,13] 1
[13,10] 1
[26,6] 8
[6,12] 7
[24,36] 9
[36,7] 1
[7,25] 1
[25,5] 6
[5,22] 1
[22,11] 1
[11,24] 1
[36,24] 9
[5,25] 7
[3,18] 9
[18,2] 1
[2,35] 1
[35,1] 1
[1,21] 1
[21,19] 1
[19,3] 5
[3,19] 8
[18,3] 6
[30,15] 1
[15,9] 1
[9,17] 1
[17,16] 6
[16,33] 1
[33,29] 6
[29,30] 1
[29,33] 6
[16,17] 5
[4,32] 10
[32,20] 1
[20,27] 5
[27,8] 1
[8,31] 1
[31,14] 1
[14,4] 1
[32,4] 9
[27,20] 10
[23,23] 9
[42,53] 7
[53,44] 6
[44,62] 1
[62,50] 1
[50,61] 1
[61,40] 1
[40,42] 1
[44,53] 9
[53,42] 8
[38,37] 1
[37,57] 6
[57,39] 10
[39,52] 1
[52,58] 1
[58,56] 1
[56,38] 1
[39,57] 8
[57,37] 5
[51,45] 1
[45,46] 1
[46,60] 1
[60,41] 1
[41,48] 9
[48,54] 1
[54,51] 9
[51,54] 7
[48,41] 7
[47,49] 1
[49,43] 7
[43,63] 1
[63,59] 1
[59,55] 1
[55,47] 10
[47,55] 10
[43,49] 5
[79,73] 1
[73,72] 8
[72,71] 1
[71,64] 1
[64,66] 9
[66,88] 1
[88,79] 1
[72,73] 8
[66,64] 8
[81,86] 1
[86,75] 1
[75,80] 1
[80,78] 5
[78,77] 7
[77,84] 1
[84,81] 1
[78,80] 9
[77,78] 6
[90,70] 8
[70,87] 1
[87,89] 9
[89,82] 1
[82,67] 1
[67,76] 1
[76,90] 1
[89,87] 9
[70,90] 6
[69,85] 1
[85,74] 1
[74,68] 1
[68,83] 5
[83,65] 1
[65,69] 7
[69,65] 8
[83,68] 10
;

param d:=
1	2
10	2
11	2
12	13
13	2
14	2
15	2
16	12
17	12
18	16
19	14
2	2
20	16
21	2
22	2
23	9
24	19
25	14
26	18
27	16
28	2
29	13
3	28
30	2
31	2
32	20
33	13
34	2
35	2
36	19
37	12
38	2
39	19
4	20
40	2
41	17
42	16
43	13
44	16
45	2
46	2
47	21
48	17
49	13
5	14
50	2
51	17
52	2
53	30
54	17
55	21
56	2
57	29
58	2
59	2
6	29
60	2
61	2
62	2
63	2
64	18
65	16
66	18
67	2
68	16
69	16
7	2
70	15
71	2
72	17
73	17
74	2
75	2
76	2
77	14
78	27
79	2
8	2
80	15
81	2
82	2
83	16
84	2
85	2
86	2
87	19
88	2
89	19
9	2
90	15
;


end;
