data;

param broj_grana:=116;
param N:=90;
param L1:=0.0021459;
param L2:=0.0005365;

set FC:=
f1
f2
f3
;

set V:=
1
2
3
4
5
6
7
8
9
10
11
12
13
14
15
16
17
18
19
20
21
22
23
24
25
26
27
28
29
30
31
32
33
34
35
36
37
38
39
40
41
42
43
44
45
46
47
48
49
50
51
52
53
54
55
56
57
58
59
60
61
62
63
64
65
66
67
68
69
70
71
72
73
74
75
76
77
78
79
80
81
82
83
84
85
86
87
88
89
90
;

set F[f1]:=
1
2
3
4
5
6
7
8
9
10
11
12
13
14
15
16
17
18
19
20
21
22
23
24
25
26
27
28
29
30
31
32
33
34
35
36
;

set F[f2]:=
37
38
39
40
41
42
43
44
45
46
47
48
49
50
51
52
53
54
55
56
57
58
59
60
61
62
63
;

set F[f3]:=
64
65
66
67
68
69
70
71
72
73
74
75
76
77
78
79
80
81
82
83
84
85
86
87
88
89
90
;


set E:=
(36,1)
(1,6)
(6,35)
(35,22)
(22,2)
(2,10)
(10,36)
(10,2)
(6,1)
(26,30)
(30,8)
(8,34)
(34,12)
(12,27)
(27,28)
(28,26)
(34,8)
(26,28)
(15,18)
(18,7)
(7,29)
(29,23)
(23,31)
(31,14)
(14,15)
(7,18)
(29,7)
(5,33)
(33,21)
(21,11)
(11,19)
(19,20)
(20,13)
(13,5)
(21,33)
(11,21)
(3,32)
(32,25)
(25,17)
(17,4)
(4,9)
(9,24)
(24,3)
(9,4)
(24,9)
(16,16)
(63,37)
(37,51)
(51,52)
(52,54)
(54,44)
(44,38)
(38,63)
(54,52)
(63,38)
(47,59)
(59,57)
(57,58)
(58,62)
(62,43)
(43,48)
(48,47)
(59,47)
(62,58)
(42,50)
(50,53)
(53,45)
(45,46)
(46,60)
(60,41)
(41,42)
(50,42)
(41,60)
(55,40)
(40,39)
(39,49)
(49,61)
(61,56)
(56,55)
(40,55)
(61,49)
(80,70)
(70,78)
(78,84)
(84,77)
(77,65)
(65,86)
(86,80)
(80,86)
(78,70)
(82,89)
(89,68)
(68,71)
(71,79)
(79,90)
(90,87)
(87,82)
(82,87)
(87,90)
(85,73)
(73,64)
(64,83)
(83,81)
(81,74)
(74,76)
(76,85)
(64,73)
(73,85)
(72,69)
(69,67)
(67,66)
(66,75)
(75,88)
(88,72)
(69,72)
(67,69)
;

param b:=
[36,1] 1
[1,6] 5
[6,35] 1
[35,22] 1
[22,2] 1
[2,10] 5
[10,36] 1
[10,2] 8
[6,1] 9
[26,30] 1
[30,8] 1
[8,34] 5
[34,12] 1
[12,27] 1
[27,28] 1
[28,26] 5
[34,8] 8
[26,28] 8
[15,18] 1
[18,7] 9
[7,29] 8
[29,23] 1
[23,31] 1
[31,14] 1
[14,15] 1
[7,18] 8
[29,7] 8
[5,33] 1
[33,21] 8
[21,11] 8
[11,19] 1
[19,20] 1
[20,13] 1
[13,5] 1
[21,33] 5
[11,21] 7
[3,32] 1
[32,25] 1
[25,17] 1
[17,4] 1
[4,9] 9
[9,24] 9
[24,3] 1
[9,4] 8
[24,9] 5
[16,16] 8
[63,37] 1
[37,51] 1
[51,52] 1
[52,54] 9
[54,44] 1
[44,38] 1
[38,63] 8
[54,52] 8
[63,38] 8
[47,59] 7
[59,57] 1
[57,58] 1
[58,62] 8
[62,43] 1
[43,48] 1
[48,47] 1
[59,47] 7
[62,58] 6
[42,50] 9
[50,53] 1
[53,45] 1
[45,46] 1
[46,60] 1
[60,41] 6
[41,42] 1
[50,42] 6
[41,60] 10
[55,40] 9
[40,39] 1
[39,49] 1
[49,61] 9
[61,56] 1
[56,55] 1
[40,55] 5
[61,49] 6
[80,70] 1
[70,78] 7
[78,84] 1
[84,77] 1
[77,65] 1
[65,86] 1
[86,80] 6
[80,86] 5
[78,70] 10
[82,89] 1
[89,68] 1
[68,71] 1
[71,79] 1
[79,90] 1
[90,87] 10
[87,82] 10
[82,87] 7
[87,90] 9
[85,73] 10
[73,64] 5
[64,83] 1
[83,81] 1
[81,74] 1
[74,76] 1
[76,85] 1
[64,73] 6
[73,85] 8
[72,69] 9
[69,67] 8
[67,66] 1
[66,75] 1
[75,88] 1
[88,72] 1
[69,72] 9
[67,69] 10
;

param d:=
1	15
10	14
11	16
12	2
13	2
14	2
15	2
16	8
17	2
18	18
19	2
2	14
20	2
21	28
22	2
23	2
24	15
25	2
26	14
27	2
28	14
29	17
3	2
30	2
31	2
32	2
33	14
34	14
35	2
36	2
37	2
38	17
39	2
4	18
40	15
41	17
42	16
43	2
44	2
45	2
46	2
47	15
48	2
49	16
5	2
50	16
51	2
52	18
53	2
54	18
55	15
56	2
57	2
58	15
59	15
6	15
60	17
61	16
62	15
63	17
64	12
65	2
66	2
67	19
68	2
69	36
7	33
70	18
71	2
72	19
73	29
74	2
75	2
76	2
77	2
78	18
79	2
8	14
80	12
81	2
82	18
83	2
84	2
85	19
86	12
87	36
88	2
89	2
9	31
90	20
;


end;
