data;

param broj_grana:=116;
param N:=90;
param L1:=0.0022573;
param L2:=0.0005643;

set FC:=
f1
f2
f3
;

set V:=
1
2
3
4
5
6
7
8
9
10
11
12
13
14
15
16
17
18
19
20
21
22
23
24
25
26
27
28
29
30
31
32
33
34
35
36
37
38
39
40
41
42
43
44
45
46
47
48
49
50
51
52
53
54
55
56
57
58
59
60
61
62
63
64
65
66
67
68
69
70
71
72
73
74
75
76
77
78
79
80
81
82
83
84
85
86
87
88
89
90
;

set F[f1]:=
1
2
3
4
5
6
7
8
9
10
11
12
13
14
15
16
17
18
19
20
21
22
23
24
25
26
27
28
29
30
31
32
33
34
35
36
;

set F[f2]:=
37
38
39
40
41
42
43
44
45
46
47
48
49
50
51
52
53
54
55
56
57
58
59
60
61
62
63
;

set F[f3]:=
64
65
66
67
68
69
70
71
72
73
74
75
76
77
78
79
80
81
82
83
84
85
86
87
88
89
90
;


set E:=
(30,18)
(18,24)
(24,29)
(29,13)
(13,32)
(32,5)
(5,30)
(18,30)
(13,29)
(25,20)
(20,36)
(36,16)
(16,17)
(17,10)
(10,1)
(1,25)
(16,36)
(1,10)
(35,28)
(28,6)
(6,34)
(34,7)
(7,8)
(8,14)
(14,35)
(34,6)
(6,28)
(27,21)
(21,11)
(11,23)
(23,33)
(33,26)
(26,2)
(2,27)
(11,21)
(33,23)
(12,3)
(3,15)
(15,19)
(19,9)
(9,22)
(22,31)
(31,12)
(3,12)
(9,19)
(4,4)
(41,50)
(50,51)
(51,45)
(45,57)
(57,54)
(54,61)
(61,41)
(61,54)
(57,45)
(62,49)
(49,47)
(47,53)
(53,46)
(46,48)
(48,44)
(44,62)
(46,53)
(47,49)
(55,40)
(40,56)
(56,52)
(52,63)
(63,39)
(39,43)
(43,55)
(63,52)
(43,39)
(60,37)
(37,38)
(38,58)
(58,42)
(42,59)
(59,60)
(38,37)
(37,60)
(79,66)
(66,68)
(68,69)
(69,77)
(77,85)
(85,74)
(74,79)
(85,77)
(69,68)
(90,82)
(82,73)
(73,64)
(64,65)
(65,86)
(86,87)
(87,90)
(82,90)
(65,64)
(80,71)
(71,76)
(76,81)
(81,83)
(83,75)
(75,72)
(72,80)
(80,72)
(72,75)
(70,78)
(78,67)
(67,88)
(88,84)
(84,89)
(89,70)
(84,88)
(67,78)
;

param b:=
[30,18] 9
[18,24] 1
[24,29] 1
[29,13] 5
[13,32] 1
[32,5] 1
[5,30] 1
[18,30] 5
[13,29] 5
[25,20] 1
[20,36] 1
[36,16] 8
[16,17] 1
[17,10] 1
[10,1] 8
[1,25] 1
[16,36] 6
[1,10] 10
[35,28] 1
[28,6] 8
[6,34] 9
[34,7] 1
[7,8] 1
[8,14] 1
[14,35] 1
[34,6] 7
[6,28] 7
[27,21] 1
[21,11] 6
[11,23] 1
[23,33] 7
[33,26] 1
[26,2] 1
[2,27] 1
[11,21] 5
[33,23] 10
[12,3] 7
[3,15] 1
[15,19] 1
[19,9] 5
[9,22] 1
[22,31] 1
[31,12] 1
[3,12] 6
[9,19] 10
[4,4] 6
[41,50] 1
[50,51] 1
[51,45] 1
[45,57] 6
[57,54] 1
[54,61] 6
[61,41] 1
[61,54] 5
[57,45] 10
[62,49] 1
[49,47] 10
[47,53] 1
[53,46] 9
[46,48] 1
[48,44] 1
[44,62] 1
[46,53] 5
[47,49] 5
[55,40] 1
[40,56] 1
[56,52] 1
[52,63] 6
[63,39] 1
[39,43] 9
[43,55] 1
[63,52] 8
[43,39] 5
[60,37] 10
[37,38] 9
[38,58] 1
[58,42] 1
[42,59] 1
[59,60] 1
[38,37] 5
[37,60] 6
[79,66] 1
[66,68] 1
[68,69] 5
[69,77] 1
[77,85] 6
[85,74] 1
[74,79] 1
[85,77] 10
[69,68] 10
[90,82] 6
[82,73] 1
[73,64] 1
[64,65] 9
[65,86] 1
[86,87] 1
[87,90] 1
[82,90] 7
[65,64] 6
[80,71] 1
[71,76] 1
[76,81] 1
[81,83] 1
[83,75] 1
[75,72] 5
[72,80] 7
[80,72] 9
[72,75] 7
[70,78] 1
[78,67] 5
[67,88] 1
[88,84] 8
[84,89] 1
[89,70] 1
[84,88] 7
[67,78] 10
;

param d:=
1	19
10	19
11	12
12	14
13	11
14	2
15	2
16	15
17	2
18	15
19	16
2	2
20	2
21	12
22	2
23	18
24	2
25	2
26	2
27	2
28	16
29	11
3	14
30	15
31	2
32	2
33	18
34	17
35	2
36	15
37	30
38	15
39	15
4	6
40	2
41	2
42	2
43	15
44	2
45	17
46	15
47	16
48	2
49	16
5	2
50	2
51	2
52	15
53	15
54	12
55	2
56	2
57	17
58	2
59	2
6	31
60	17
61	12
62	2
63	15
64	16
65	16
66	2
67	16
68	16
69	16
7	2
70	2
71	2
72	28
73	2
74	2
75	13
76	2
77	17
78	16
79	2
8	2
80	17
81	2
82	14
83	2
84	16
85	17
86	2
87	2
88	16
89	2
9	16
90	14
;


end;
