data;

param broj_grana:=116;
param N:=90;
param L1:=0.0022422;
param L2:=0.0005605;

set FC:=
f1
f2
f3
;

set V:=
1
2
3
4
5
6
7
8
9
10
11
12
13
14
15
16
17
18
19
20
21
22
23
24
25
26
27
28
29
30
31
32
33
34
35
36
37
38
39
40
41
42
43
44
45
46
47
48
49
50
51
52
53
54
55
56
57
58
59
60
61
62
63
64
65
66
67
68
69
70
71
72
73
74
75
76
77
78
79
80
81
82
83
84
85
86
87
88
89
90
;

set F[f1]:=
1
2
3
4
5
6
7
8
9
10
11
12
13
14
15
16
17
18
19
20
21
22
23
24
25
26
27
28
29
30
31
32
33
34
35
36
;

set F[f2]:=
37
38
39
40
41
42
43
44
45
46
47
48
49
50
51
52
53
54
55
56
57
58
59
60
61
62
63
;

set F[f3]:=
64
65
66
67
68
69
70
71
72
73
74
75
76
77
78
79
80
81
82
83
84
85
86
87
88
89
90
;


set E:=
(17,22)
(22,19)
(19,1)
(1,28)
(28,13)
(13,20)
(20,17)
(13,28)
(28,1)
(3,33)
(33,31)
(31,35)
(35,29)
(29,7)
(7,14)
(14,3)
(31,33)
(7,29)
(18,27)
(27,4)
(4,30)
(30,32)
(32,34)
(34,5)
(5,18)
(34,32)
(30,4)
(21,8)
(8,24)
(24,2)
(2,23)
(23,6)
(6,11)
(11,21)
(24,8)
(2,24)
(15,9)
(9,25)
(25,16)
(16,26)
(26,36)
(36,10)
(10,15)
(9,15)
(15,10)
(12,12)
(56,52)
(52,55)
(55,61)
(61,58)
(58,44)
(44,43)
(43,56)
(58,61)
(61,55)
(48,37)
(37,59)
(59,51)
(51,50)
(50,62)
(62,38)
(38,48)
(50,51)
(38,62)
(45,39)
(39,60)
(60,41)
(41,57)
(57,47)
(47,46)
(46,45)
(57,41)
(46,47)
(49,54)
(54,40)
(40,42)
(42,63)
(63,53)
(53,49)
(54,49)
(63,42)
(85,82)
(82,84)
(84,67)
(67,77)
(77,70)
(70,78)
(78,85)
(82,85)
(84,82)
(76,87)
(87,75)
(75,64)
(64,72)
(72,79)
(79,66)
(66,76)
(72,64)
(76,66)
(89,69)
(69,88)
(88,71)
(71,73)
(73,81)
(81,86)
(86,89)
(89,86)
(86,81)
(83,65)
(65,80)
(80,90)
(90,74)
(74,68)
(68,83)
(80,65)
(74,90)
;

param b:=
[17,22] 1
[22,19] 1
[19,1] 1
[1,28] 8
[28,13] 7
[13,20] 1
[20,17] 1
[13,28] 7
[28,1] 6
[3,33] 1
[33,31] 10
[31,35] 1
[35,29] 1
[29,7] 8
[7,14] 1
[14,3] 1
[31,33] 5
[7,29] 5
[18,27] 1
[27,4] 1
[4,30] 6
[30,32] 1
[32,34] 10
[34,5] 1
[5,18] 1
[34,32] 9
[30,4] 7
[21,8] 1
[8,24] 9
[24,2] 8
[2,23] 1
[23,6] 1
[6,11] 1
[11,21] 1
[24,8] 10
[2,24] 8
[15,9] 8
[9,25] 1
[25,16] 1
[16,26] 1
[26,36] 1
[36,10] 1
[10,15] 5
[9,15] 5
[15,10] 10
[12,12] 5
[56,52] 1
[52,55] 1
[55,61] 9
[61,58] 7
[58,44] 1
[44,43] 1
[43,56] 1
[58,61] 7
[61,55] 10
[48,37] 1
[37,59] 1
[59,51] 1
[51,50] 10
[50,62] 1
[62,38] 7
[38,48] 1
[50,51] 5
[38,62] 10
[45,39] 1
[39,60] 1
[60,41] 1
[41,57] 8
[57,47] 1
[47,46] 5
[46,45] 1
[57,41] 5
[46,47] 8
[49,54] 5
[54,40] 1
[40,42] 1
[42,63] 9
[63,53] 1
[53,49] 1
[54,49] 7
[63,42] 5
[85,82] 8
[82,84] 8
[84,67] 1
[67,77] 1
[77,70] 1
[70,78] 1
[78,85] 1
[82,85] 5
[84,82] 5
[76,87] 1
[87,75] 1
[75,64] 1
[64,72] 9
[72,79] 1
[79,66] 1
[66,76] 8
[72,64] 10
[76,66] 5
[89,69] 1
[69,88] 1
[88,71] 1
[71,73] 1
[73,81] 1
[81,86] 5
[86,89] 7
[89,86] 6
[86,81] 6
[83,65] 1
[65,80] 10
[80,90] 1
[90,74] 5
[74,68] 1
[68,83] 1
[80,65] 7
[74,90] 6
;

param d:=
1	15
10	16
11	2
12	5
13	15
14	2
15	28
16	2
17	2
18	2
19	2
2	17
20	2
21	2
22	2
23	2
24	35
25	2
26	2
27	2
28	28
29	14
3	2
30	14
31	16
32	20
33	16
34	20
35	2
36	2
37	2
38	18
39	2
4	14
40	2
41	14
42	15
43	2
44	2
45	2
46	14
47	14
48	2
49	13
5	2
50	16
51	16
52	2
53	2
54	13
55	20
56	2
57	14
58	15
59	2
6	2
60	2
61	33
62	18
63	15
64	20
65	18
66	14
67	2
68	2
69	2
7	14
70	2
71	2
72	20
73	2
74	12
75	2
76	14
77	2
78	2
79	2
8	20
80	18
81	12
82	26
83	2
84	14
85	14
86	24
87	2
88	2
89	14
9	14
90	12
;


end;
