data;

param broj_grana:=116;
param N:=90;
param L1:=0.0021786;
param L2:=0.0005447;

set FC:=
f1
f2
f3
;

set V:=
1
2
3
4
5
6
7
8
9
10
11
12
13
14
15
16
17
18
19
20
21
22
23
24
25
26
27
28
29
30
31
32
33
34
35
36
37
38
39
40
41
42
43
44
45
46
47
48
49
50
51
52
53
54
55
56
57
58
59
60
61
62
63
64
65
66
67
68
69
70
71
72
73
74
75
76
77
78
79
80
81
82
83
84
85
86
87
88
89
90
;

set F[f1]:=
1
2
3
4
5
6
7
8
9
10
11
12
13
14
15
16
17
18
19
20
21
22
23
24
25
26
27
28
29
30
31
32
33
34
35
36
;

set F[f2]:=
37
38
39
40
41
42
43
44
45
46
47
48
49
50
51
52
53
54
55
56
57
58
59
60
61
62
63
;

set F[f3]:=
64
65
66
67
68
69
70
71
72
73
74
75
76
77
78
79
80
81
82
83
84
85
86
87
88
89
90
;


set E:=
(10,35)
(35,25)
(25,30)
(30,33)
(33,31)
(31,2)
(2,10)
(33,30)
(31,33)
(4,8)
(8,12)
(12,24)
(24,34)
(34,1)
(1,3)
(3,4)
(3,1)
(4,3)
(6,14)
(14,11)
(11,29)
(29,32)
(32,13)
(13,7)
(7,6)
(7,13)
(11,14)
(28,20)
(20,19)
(19,26)
(26,18)
(18,15)
(15,36)
(36,28)
(36,15)
(18,26)
(16,27)
(27,23)
(23,9)
(9,22)
(22,5)
(5,21)
(21,16)
(9,23)
(16,21)
(17,17)
(41,44)
(44,56)
(56,54)
(54,58)
(58,60)
(60,57)
(57,41)
(56,44)
(41,57)
(47,45)
(45,63)
(63,52)
(52,50)
(50,42)
(42,59)
(59,47)
(47,59)
(45,47)
(55,49)
(49,61)
(61,40)
(40,51)
(51,43)
(43,46)
(46,55)
(61,49)
(46,43)
(39,38)
(38,48)
(48,37)
(37,62)
(62,53)
(53,39)
(62,37)
(37,48)
(90,72)
(72,74)
(74,64)
(64,66)
(66,76)
(76,65)
(65,90)
(90,65)
(76,66)
(81,75)
(75,71)
(71,68)
(68,82)
(82,87)
(87,80)
(80,81)
(80,87)
(68,71)
(83,85)
(85,89)
(89,78)
(78,84)
(84,70)
(70,77)
(77,83)
(85,83)
(84,78)
(86,79)
(79,88)
(88,67)
(67,73)
(73,69)
(69,86)
(69,73)
(88,79)
;

param b:=
[10,35] 1
[35,25] 1
[25,30] 1
[30,33] 9
[33,31] 6
[31,2] 1
[2,10] 1
[33,30] 6
[31,33] 7
[4,8] 1
[8,12] 1
[12,24] 1
[24,34] 1
[34,1] 1
[1,3] 5
[3,4] 5
[3,1] 6
[4,3] 6
[6,14] 1
[14,11] 7
[11,29] 1
[29,32] 1
[32,13] 1
[13,7] 9
[7,6] 1
[7,13] 10
[11,14] 5
[28,20] 1
[20,19] 1
[19,26] 1
[26,18] 6
[18,15] 1
[15,36] 10
[36,28] 1
[36,15] 9
[18,26] 7
[16,27] 1
[27,23] 1
[23,9] 6
[9,22] 1
[22,5] 1
[5,21] 1
[21,16] 5
[9,23] 6
[16,21] 9
[17,17] 9
[41,44] 1
[44,56] 9
[56,54] 1
[54,58] 1
[58,60] 1
[60,57] 1
[57,41] 7
[56,44] 7
[41,57] 9
[47,45] 6
[45,63] 1
[63,52] 1
[52,50] 1
[50,42] 1
[42,59] 1
[59,47] 5
[47,59] 6
[45,47] 9
[55,49] 1
[49,61] 9
[61,40] 1
[40,51] 1
[51,43] 1
[43,46] 9
[46,55] 1
[61,49] 8
[46,43] 6
[39,38] 1
[38,48] 1
[48,37] 6
[37,62] 9
[62,53] 1
[53,39] 1
[62,37] 10
[37,48] 8
[90,72] 1
[72,74] 1
[74,64] 1
[64,66] 1
[66,76] 6
[76,65] 1
[65,90] 10
[90,65] 10
[76,66] 5
[81,75] 1
[75,71] 1
[71,68] 6
[68,82] 1
[82,87] 1
[87,80] 10
[80,81] 1
[80,87] 9
[68,71] 7
[83,85] 7
[85,89] 1
[89,78] 1
[78,84] 10
[84,70] 1
[70,77] 1
[77,83] 1
[85,83] 7
[84,78] 5
[86,79] 1
[79,88] 6
[88,67] 1
[67,73] 1
[73,69] 8
[69,86] 1
[69,73] 10
[88,79] 9
;

param d:=
1	12
10	2
11	13
12	2
13	20
14	13
15	20
16	15
17	9
18	14
19	2
2	2
20	2
21	15
22	2
23	13
24	2
25	2
26	14
27	2
28	2
29	2
3	22
30	16
31	14
32	2
33	28
34	2
35	2
36	20
37	33
38	2
39	2
4	12
40	2
41	17
42	2
43	16
44	17
45	16
46	16
47	26
48	15
49	18
5	2
50	2
51	2
52	2
53	2
54	2
55	2
56	17
57	17
58	2
59	12
6	2
60	2
61	18
62	20
63	2
64	2
65	21
66	12
67	2
68	14
69	19
7	20
70	2
71	14
72	2
73	19
74	2
75	2
76	12
77	2
78	16
79	16
8	2
80	20
81	2
82	2
83	15
84	16
85	15
86	2
87	20
88	16
89	2
9	13
90	21
;


end;
