data;

param broj_grana:=116;
param N:=90;
param L1:=0.0021413;
param L2:=0.0005353;

set FC:=
f1
f2
f3
;

set V:=
1
2
3
4
5
6
7
8
9
10
11
12
13
14
15
16
17
18
19
20
21
22
23
24
25
26
27
28
29
30
31
32
33
34
35
36
37
38
39
40
41
42
43
44
45
46
47
48
49
50
51
52
53
54
55
56
57
58
59
60
61
62
63
64
65
66
67
68
69
70
71
72
73
74
75
76
77
78
79
80
81
82
83
84
85
86
87
88
89
90
;

set F[f1]:=
1
2
3
4
5
6
7
8
9
10
11
12
13
14
15
16
17
18
19
20
21
22
23
24
25
26
27
28
29
30
31
32
33
34
35
36
;

set F[f2]:=
37
38
39
40
41
42
43
44
45
46
47
48
49
50
51
52
53
54
55
56
57
58
59
60
61
62
63
;

set F[f3]:=
64
65
66
67
68
69
70
71
72
73
74
75
76
77
78
79
80
81
82
83
84
85
86
87
88
89
90
;


set E:=
(16,28)
(28,31)
(31,9)
(9,29)
(29,30)
(30,20)
(20,16)
(30,29)
(20,30)
(15,36)
(36,11)
(11,25)
(25,8)
(8,33)
(33,2)
(2,15)
(33,8)
(11,36)
(13,22)
(22,5)
(5,35)
(35,26)
(26,17)
(17,27)
(27,13)
(17,26)
(35,5)
(14,32)
(32,34)
(34,1)
(1,21)
(21,12)
(12,23)
(23,14)
(1,34)
(21,1)
(6,4)
(4,19)
(19,18)
(18,3)
(3,7)
(7,10)
(10,6)
(19,4)
(3,18)
(24,24)
(59,63)
(63,48)
(48,56)
(56,49)
(49,47)
(47,55)
(55,59)
(47,49)
(55,47)
(52,40)
(40,54)
(54,45)
(45,53)
(53,60)
(60,46)
(46,52)
(46,60)
(40,52)
(62,61)
(61,42)
(42,39)
(39,38)
(38,37)
(37,43)
(43,62)
(43,37)
(62,43)
(57,58)
(58,51)
(51,44)
(44,50)
(50,41)
(41,57)
(41,50)
(51,58)
(79,88)
(88,78)
(78,75)
(75,80)
(80,86)
(86,68)
(68,79)
(68,86)
(79,68)
(76,87)
(87,85)
(85,77)
(77,81)
(81,67)
(67,71)
(71,76)
(81,77)
(71,67)
(90,72)
(72,73)
(73,74)
(74,83)
(83,82)
(82,89)
(89,90)
(89,82)
(73,72)
(69,66)
(66,65)
(65,64)
(64,70)
(70,84)
(84,69)
(65,66)
(70,64)
;

param b:=
[16,28] 1
[28,31] 1
[31,9] 1
[9,29] 1
[29,30] 6
[30,20] 5
[20,16] 1
[30,29] 8
[20,30] 7
[15,36] 1
[36,11] 8
[11,25] 1
[25,8] 1
[8,33] 10
[33,2] 1
[2,15] 1
[33,8] 7
[11,36] 10
[13,22] 1
[22,5] 1
[5,35] 8
[35,26] 1
[26,17] 7
[17,27] 1
[27,13] 1
[17,26] 5
[35,5] 9
[14,32] 1
[32,34] 1
[34,1] 10
[1,21] 5
[21,12] 1
[12,23] 1
[23,14] 1
[1,34] 6
[21,1] 10
[6,4] 1
[4,19] 6
[19,18] 1
[18,3] 7
[3,7] 1
[7,10] 1
[10,6] 1
[19,4] 8
[3,18] 9
[24,24] 7
[59,63] 1
[63,48] 1
[48,56] 1
[56,49] 1
[49,47] 5
[47,55] 7
[55,59] 1
[47,49] 10
[55,47] 10
[52,40] 8
[40,54] 1
[54,45] 1
[45,53] 1
[53,60] 1
[60,46] 6
[46,52] 1
[46,60] 7
[40,52] 9
[62,61] 1
[61,42] 1
[42,39] 1
[39,38] 1
[38,37] 1
[37,43] 6
[43,62] 9
[43,37] 10
[62,43] 7
[57,58] 1
[58,51] 9
[51,44] 1
[44,50] 1
[50,41] 8
[41,57] 1
[41,50] 9
[51,58] 5
[79,88] 1
[88,78] 1
[78,75] 1
[75,80] 1
[80,86] 1
[86,68] 5
[68,79] 8
[68,86] 6
[79,68] 9
[76,87] 1
[87,85] 1
[85,77] 1
[77,81] 9
[81,67] 1
[67,71] 7
[71,76] 1
[81,77] 9
[71,67] 9
[90,72] 1
[72,73] 8
[73,74] 1
[74,83] 1
[83,82] 1
[82,89] 10
[89,90] 1
[89,82] 9
[73,72] 10
[69,66] 1
[66,65] 5
[65,64] 1
[64,70] 6
[70,84] 1
[84,69] 1
[65,66] 6
[70,64] 5
;

param d:=
1	31
10	2
11	19
12	2
13	2
14	2
15	2
16	2
17	13
18	17
19	15
2	2
20	13
21	16
22	2
23	2
24	7
25	2
26	13
27	2
28	2
29	15
3	17
30	26
31	2
32	2
33	18
34	17
35	18
36	19
37	17
38	2
39	2
4	15
40	18
41	18
42	2
43	32
44	2
45	2
46	14
47	32
48	2
49	16
5	18
50	18
51	15
52	18
53	2
54	2
55	18
56	2
57	2
58	15
59	2
6	2
60	14
61	2
62	17
63	2
64	12
65	12
66	12
67	17
68	28
69	2
7	2
70	12
71	17
72	19
73	19
74	2
75	2
76	2
77	19
78	2
79	18
8	18
80	2
81	19
82	20
83	2
84	2
85	2
86	12
87	2
88	2
89	20
9	2
90	2
;


end;
