data;

param broj_grana:=116;
param N:=90;
param L1:=0.0021053;
param L2:=0.0005263;

set FC:=
f1
f2
f3
;

set V:=
1
2
3
4
5
6
7
8
9
10
11
12
13
14
15
16
17
18
19
20
21
22
23
24
25
26
27
28
29
30
31
32
33
34
35
36
37
38
39
40
41
42
43
44
45
46
47
48
49
50
51
52
53
54
55
56
57
58
59
60
61
62
63
64
65
66
67
68
69
70
71
72
73
74
75
76
77
78
79
80
81
82
83
84
85
86
87
88
89
90
;

set F[f1]:=
1
2
3
4
5
6
7
8
9
10
11
12
13
14
15
16
17
18
19
20
21
22
23
24
25
26
27
28
29
30
31
32
33
34
35
36
;

set F[f2]:=
37
38
39
40
41
42
43
44
45
46
47
48
49
50
51
52
53
54
55
56
57
58
59
60
61
62
63
;

set F[f3]:=
64
65
66
67
68
69
70
71
72
73
74
75
76
77
78
79
80
81
82
83
84
85
86
87
88
89
90
;


set E:=
(5,36)
(36,28)
(28,11)
(11,19)
(19,33)
(33,24)
(24,5)
(33,19)
(5,24)
(20,31)
(31,6)
(6,34)
(34,8)
(8,29)
(29,30)
(30,20)
(29,8)
(30,29)
(3,7)
(7,18)
(18,26)
(26,1)
(1,15)
(15,25)
(25,3)
(18,7)
(3,25)
(13,4)
(4,23)
(23,2)
(2,35)
(35,16)
(16,12)
(12,13)
(12,16)
(2,23)
(22,9)
(9,27)
(27,14)
(14,10)
(10,32)
(32,21)
(21,22)
(27,9)
(14,27)
(17,17)
(45,41)
(41,39)
(39,37)
(37,52)
(52,61)
(61,53)
(53,45)
(53,61)
(61,52)
(63,62)
(62,58)
(58,49)
(49,46)
(46,42)
(42,56)
(56,63)
(58,62)
(49,58)
(38,59)
(59,47)
(47,57)
(57,43)
(43,50)
(50,51)
(51,38)
(50,43)
(47,59)
(44,48)
(48,55)
(55,60)
(60,54)
(54,40)
(40,44)
(55,48)
(54,60)
(87,65)
(65,83)
(83,75)
(75,76)
(76,70)
(70,89)
(89,87)
(70,76)
(75,83)
(80,90)
(90,79)
(79,86)
(86,78)
(78,71)
(71,68)
(68,80)
(86,79)
(79,90)
(72,77)
(77,69)
(69,74)
(74,64)
(64,73)
(73,67)
(67,72)
(72,67)
(64,74)
(66,88)
(88,85)
(85,82)
(82,84)
(84,81)
(81,66)
(85,88)
(66,81)
;

param b:=
[5,36] 1
[36,28] 1
[28,11] 1
[11,19] 1
[19,33] 9
[33,24] 1
[24,5] 8
[33,19] 10
[5,24] 7
[20,31] 1
[31,6] 1
[6,34] 1
[34,8] 1
[8,29] 10
[29,30] 6
[30,20] 1
[29,8] 6
[30,29] 9
[3,7] 1
[7,18] 6
[18,26] 1
[26,1] 1
[1,15] 1
[15,25] 1
[25,3] 8
[18,7] 7
[3,25] 10
[13,4] 1
[4,23] 1
[23,2] 7
[2,35] 1
[35,16] 1
[16,12] 9
[12,13] 1
[12,16] 6
[2,23] 9
[22,9] 1
[9,27] 10
[27,14] 10
[14,10] 1
[10,32] 1
[32,21] 1
[21,22] 1
[27,9] 5
[14,27] 8
[17,17] 6
[45,41] 1
[41,39] 1
[39,37] 1
[37,52] 1
[52,61] 5
[61,53] 5
[53,45] 1
[53,61] 8
[61,52] 9
[63,62] 1
[62,58] 7
[58,49] 6
[49,46] 1
[46,42] 1
[42,56] 1
[56,63] 1
[58,62] 6
[49,58] 7
[38,59] 1
[59,47] 7
[47,57] 1
[57,43] 1
[43,50] 9
[50,51] 1
[51,38] 1
[50,43] 10
[47,59] 8
[44,48] 1
[48,55] 10
[55,60] 1
[60,54] 6
[54,40] 1
[40,44] 1
[55,48] 5
[54,60] 7
[87,65] 1
[65,83] 1
[83,75] 7
[75,76] 1
[76,70] 10
[70,89] 1
[89,87] 1
[70,76] 8
[75,83] 6
[80,90] 1
[90,79] 9
[79,86] 6
[86,78] 1
[78,71] 1
[71,68] 1
[68,80] 1
[86,79] 6
[79,90] 10
[72,77] 1
[77,69] 1
[69,74] 1
[74,64] 8
[64,73] 1
[73,67] 1
[67,72] 6
[72,67] 10
[64,74] 10
[66,88] 1
[88,85] 8
[85,82] 1
[82,84] 1
[84,81] 1
[81,66] 8
[85,88] 10
[66,81] 9
;

param d:=
1	2
10	2
11	2
12	16
13	2
14	19
15	2
16	16
17	6
18	14
19	20
2	17
20	2
21	2
22	2
23	17
24	16
25	19
26	2
27	33
28	2
29	31
3	19
30	16
31	2
32	2
33	20
34	2
35	2
36	2
37	2
38	2
39	2
4	2
40	2
41	2
42	2
43	20
44	2
45	2
46	2
47	16
48	16
49	14
5	16
50	20
51	2
52	15
53	14
54	14
55	16
56	2
57	2
58	26
59	16
6	2
60	14
61	27
62	14
63	2
64	19
65	2
66	18
67	17
68	2
69	2
7	14
70	19
71	2
72	17
73	2
74	19
75	14
76	19
77	2
78	2
79	31
8	17
80	2
81	18
82	2
83	14
84	2
85	19
86	13
87	2
88	19
89	2
9	16
90	20
;


end;
