data;

param broj_grana:=116;
param N:=90;
param L1:=0.0021930;
param L2:=0.0005482;

set FC:=
f1
f2
f3
;

set V:=
1
2
3
4
5
6
7
8
9
10
11
12
13
14
15
16
17
18
19
20
21
22
23
24
25
26
27
28
29
30
31
32
33
34
35
36
37
38
39
40
41
42
43
44
45
46
47
48
49
50
51
52
53
54
55
56
57
58
59
60
61
62
63
64
65
66
67
68
69
70
71
72
73
74
75
76
77
78
79
80
81
82
83
84
85
86
87
88
89
90
;

set F[f1]:=
1
2
3
4
5
6
7
8
9
10
11
12
13
14
15
16
17
18
19
20
21
22
23
24
25
26
27
28
29
30
31
32
33
34
35
36
;

set F[f2]:=
37
38
39
40
41
42
43
44
45
46
47
48
49
50
51
52
53
54
55
56
57
58
59
60
61
62
63
;

set F[f3]:=
64
65
66
67
68
69
70
71
72
73
74
75
76
77
78
79
80
81
82
83
84
85
86
87
88
89
90
;


set E:=
(30,5)
(5,31)
(31,35)
(35,9)
(9,19)
(19,18)
(18,30)
(18,19)
(19,9)
(11,20)
(20,29)
(29,1)
(1,24)
(24,25)
(25,28)
(28,11)
(20,11)
(28,25)
(21,23)
(23,27)
(27,34)
(34,14)
(14,33)
(33,3)
(3,21)
(14,34)
(3,33)
(8,17)
(17,12)
(12,6)
(6,2)
(2,26)
(26,22)
(22,8)
(22,26)
(12,17)
(15,4)
(4,36)
(36,32)
(32,13)
(13,10)
(10,7)
(7,15)
(7,10)
(36,4)
(16,16)
(40,55)
(55,59)
(59,46)
(46,52)
(52,39)
(39,62)
(62,40)
(59,55)
(39,52)
(41,47)
(47,37)
(37,44)
(44,63)
(63,53)
(53,56)
(56,41)
(56,53)
(53,63)
(61,49)
(49,51)
(51,60)
(60,58)
(58,48)
(48,54)
(54,61)
(49,61)
(60,51)
(57,50)
(50,45)
(45,43)
(43,38)
(38,42)
(42,57)
(57,42)
(38,43)
(65,79)
(79,87)
(87,80)
(80,83)
(83,72)
(72,64)
(64,65)
(65,64)
(83,80)
(76,86)
(86,67)
(67,78)
(78,68)
(68,85)
(85,81)
(81,76)
(78,67)
(81,85)
(84,82)
(82,90)
(90,89)
(89,69)
(69,88)
(88,66)
(66,84)
(66,88)
(84,66)
(74,77)
(77,70)
(70,75)
(75,71)
(71,73)
(73,74)
(77,74)
(75,70)
;

param b:=
[30,5] 1
[5,31] 1
[31,35] 1
[35,9] 1
[9,19] 8
[19,18] 7
[18,30] 1
[18,19] 10
[19,9] 5
[11,20] 7
[20,29] 1
[29,1] 1
[1,24] 1
[24,25] 1
[25,28] 5
[28,11] 1
[20,11] 8
[28,25] 5
[21,23] 1
[23,27] 1
[27,34] 1
[34,14] 8
[14,33] 1
[33,3] 6
[3,21] 1
[14,34] 8
[3,33] 8
[8,17] 1
[17,12] 7
[12,6] 1
[6,2] 1
[2,26] 1
[26,22] 6
[22,8] 1
[22,26] 10
[12,17] 7
[15,4] 1
[4,36] 8
[36,32] 1
[32,13] 1
[13,10] 1
[10,7] 5
[7,15] 1
[7,10] 7
[36,4] 6
[16,16] 9
[40,55] 1
[55,59] 8
[59,46] 1
[46,52] 1
[52,39] 6
[39,62] 1
[62,40] 1
[59,55] 6
[39,52] 8
[41,47] 1
[47,37] 1
[37,44] 1
[44,63] 1
[63,53] 10
[53,56] 6
[56,41] 1
[56,53] 8
[53,63] 6
[61,49] 7
[49,51] 1
[51,60] 9
[60,58] 1
[58,48] 1
[48,54] 1
[54,61] 1
[49,61] 7
[60,51] 5
[57,50] 1
[50,45] 1
[45,43] 1
[43,38] 6
[38,42] 1
[42,57] 9
[57,42] 10
[38,43] 10
[65,79] 1
[79,87] 1
[87,80] 1
[80,83] 10
[83,72] 1
[72,64] 1
[64,65] 5
[65,64] 10
[83,80] 5
[76,86] 1
[86,67] 1
[67,78] 6
[78,68] 1
[68,85] 1
[85,81] 9
[81,76] 1
[78,67] 7
[81,85] 10
[84,82] 1
[82,90] 1
[90,89] 1
[89,69] 1
[69,88] 1
[88,66] 8
[66,84] 10
[66,88] 7
[84,66] 6
[74,77] 7
[77,70] 1
[70,75] 7
[75,71] 1
[71,73] 1
[73,74] 1
[77,74] 10
[75,70] 5
;

param d:=
1	2
10	13
11	16
12	15
13	2
14	17
15	2
16	9
17	15
18	18
19	30
2	2
20	16
21	2
22	17
23	2
24	2
25	11
26	17
27	2
28	11
29	2
3	15
30	2
31	2
32	2
33	15
34	17
35	2
36	15
37	2
38	17
39	15
4	15
40	2
41	2
42	20
43	17
44	2
45	2
46	2
47	2
48	2
49	15
5	2
50	2
51	15
52	15
53	30
54	2
55	15
56	15
57	20
58	2
59	15
6	2
60	15
61	15
62	2
63	17
64	16
65	16
66	31
67	14
68	2
69	2
7	13
70	13
71	2
72	2
73	2
74	18
75	13
76	2
77	18
78	14
79	2
8	2
80	16
81	20
82	2
83	16
84	17
85	20
86	2
87	2
88	16
89	2
9	14
90	2
;


end;
