data;

param broj_grana:=116;
param N:=90;
param L1:=0.0021786;
param L2:=0.0005447;

set FC:=
f1
f2
f3
;

set V:=
1
2
3
4
5
6
7
8
9
10
11
12
13
14
15
16
17
18
19
20
21
22
23
24
25
26
27
28
29
30
31
32
33
34
35
36
37
38
39
40
41
42
43
44
45
46
47
48
49
50
51
52
53
54
55
56
57
58
59
60
61
62
63
64
65
66
67
68
69
70
71
72
73
74
75
76
77
78
79
80
81
82
83
84
85
86
87
88
89
90
;

set F[f1]:=
1
2
3
4
5
6
7
8
9
10
11
12
13
14
15
16
17
18
19
20
21
22
23
24
25
26
27
28
29
30
31
32
33
34
35
36
;

set F[f2]:=
37
38
39
40
41
42
43
44
45
46
47
48
49
50
51
52
53
54
55
56
57
58
59
60
61
62
63
;

set F[f3]:=
64
65
66
67
68
69
70
71
72
73
74
75
76
77
78
79
80
81
82
83
84
85
86
87
88
89
90
;


set E:=
(24,28)
(28,6)
(6,18)
(18,22)
(22,36)
(36,23)
(23,24)
(24,23)
(22,18)
(19,26)
(26,5)
(5,30)
(30,31)
(31,33)
(33,32)
(32,19)
(30,5)
(26,19)
(3,14)
(14,20)
(20,16)
(16,21)
(21,1)
(1,8)
(8,3)
(21,16)
(3,8)
(17,29)
(29,12)
(12,11)
(11,25)
(25,34)
(34,7)
(7,17)
(12,29)
(34,25)
(9,2)
(2,15)
(15,10)
(10,4)
(4,35)
(35,13)
(13,9)
(10,15)
(2,9)
(27,27)
(44,52)
(52,59)
(59,61)
(61,54)
(54,62)
(62,60)
(60,44)
(54,61)
(62,54)
(51,38)
(38,53)
(53,39)
(39,58)
(58,41)
(41,37)
(37,51)
(41,58)
(53,38)
(57,45)
(45,42)
(42,49)
(49,63)
(63,47)
(47,48)
(48,57)
(63,49)
(57,48)
(40,50)
(50,55)
(55,46)
(46,56)
(56,43)
(43,40)
(40,43)
(50,40)
(82,66)
(66,86)
(86,83)
(83,72)
(72,88)
(88,64)
(64,82)
(64,88)
(88,72)
(77,74)
(74,69)
(69,76)
(76,85)
(85,67)
(67,75)
(75,77)
(75,67)
(67,85)
(73,71)
(71,70)
(70,65)
(65,81)
(81,84)
(84,87)
(87,73)
(87,84)
(70,71)
(79,68)
(68,80)
(80,89)
(89,90)
(90,78)
(78,79)
(90,89)
(78,90)
;

param b:=
[24,28] 1
[28,6] 1
[6,18] 1
[18,22] 10
[22,36] 1
[36,23] 1
[23,24] 7
[24,23] 7
[22,18] 6
[19,26] 6
[26,5] 1
[5,30] 6
[30,31] 1
[31,33] 1
[33,32] 1
[32,19] 1
[30,5] 7
[26,19] 8
[3,14] 1
[14,20] 1
[20,16] 1
[16,21] 9
[21,1] 1
[1,8] 1
[8,3] 6
[21,16] 7
[3,8] 9
[17,29] 1
[29,12] 8
[12,11] 1
[11,25] 1
[25,34] 6
[34,7] 1
[7,17] 1
[12,29] 9
[34,25] 7
[9,2] 6
[2,15] 1
[15,10] 10
[10,4] 1
[4,35] 1
[35,13] 1
[13,9] 1
[10,15] 8
[2,9] 9
[27,27] 9
[44,52] 1
[52,59] 1
[59,61] 1
[61,54] 7
[54,62] 10
[62,60] 1
[60,44] 1
[54,61] 6
[62,54] 5
[51,38] 1
[38,53] 5
[53,39] 1
[39,58] 1
[58,41] 9
[41,37] 1
[37,51] 1
[41,58] 5
[53,38] 7
[57,45] 1
[45,42] 1
[42,49] 1
[49,63] 10
[63,47] 1
[47,48] 1
[48,57] 6
[63,49] 5
[57,48] 10
[40,50] 7
[50,55] 1
[55,46] 1
[46,56] 1
[56,43] 1
[43,40] 10
[40,43] 8
[50,40] 5
[82,66] 1
[66,86] 1
[86,83] 1
[83,72] 1
[72,88] 5
[88,64] 9
[64,82] 1
[64,88] 5
[88,72] 8
[77,74] 1
[74,69] 1
[69,76] 1
[76,85] 1
[85,67] 5
[67,75] 7
[75,77] 1
[75,67] 8
[67,85] 9
[73,71] 1
[71,70] 8
[70,65] 1
[65,81] 1
[81,84] 1
[84,87] 10
[87,73] 1
[87,84] 10
[70,71] 9
[79,68] 1
[68,80] 1
[80,89] 1
[89,90] 5
[90,78] 10
[78,79] 1
[90,89] 6
[78,90] 7
;

param d:=
1	2
10	19
11	2
12	18
13	2
14	2
15	19
16	17
17	2
18	17
19	15
2	16
20	2
21	17
22	17
23	15
24	15
25	14
26	15
27	9
28	2
29	18
3	16
30	14
31	2
32	2
33	2
34	14
35	2
36	2
37	2
38	13
39	2
4	2
40	30
41	15
42	2
43	19
44	2
45	2
46	2
47	2
48	17
49	16
5	14
50	13
51	2
52	2
53	13
54	28
55	2
56	2
57	17
58	15
59	2
6	2
60	2
61	14
62	16
63	16
64	15
65	2
66	2
67	29
68	2
69	2
7	2
70	18
71	18
72	14
73	2
74	2
75	16
76	2
77	2
78	18
79	2
8	16
80	2
81	2
82	2
83	2
84	21
85	15
86	2
87	21
88	27
89	12
9	16
90	28
;


end;
