data;

param broj_grana:=116;
param N:=90;
param L1:=0.0022272;
param L2:=0.0005568;

set FC:=
f1
f2
f3
;

set V:=
1
2
3
4
5
6
7
8
9
10
11
12
13
14
15
16
17
18
19
20
21
22
23
24
25
26
27
28
29
30
31
32
33
34
35
36
37
38
39
40
41
42
43
44
45
46
47
48
49
50
51
52
53
54
55
56
57
58
59
60
61
62
63
64
65
66
67
68
69
70
71
72
73
74
75
76
77
78
79
80
81
82
83
84
85
86
87
88
89
90
;

set F[f1]:=
1
2
3
4
5
6
7
8
9
10
11
12
13
14
15
16
17
18
19
20
21
22
23
24
25
26
27
28
29
30
31
32
33
34
35
36
;

set F[f2]:=
37
38
39
40
41
42
43
44
45
46
47
48
49
50
51
52
53
54
55
56
57
58
59
60
61
62
63
;

set F[f3]:=
64
65
66
67
68
69
70
71
72
73
74
75
76
77
78
79
80
81
82
83
84
85
86
87
88
89
90
;


set E:=
(21,20)
(20,22)
(22,33)
(33,6)
(6,9)
(9,15)
(15,21)
(15,9)
(6,33)
(4,29)
(29,25)
(25,10)
(10,31)
(31,23)
(23,30)
(30,4)
(4,30)
(31,10)
(34,28)
(28,35)
(35,36)
(36,13)
(13,26)
(26,32)
(32,34)
(35,28)
(28,34)
(11,27)
(27,5)
(5,3)
(3,24)
(24,7)
(7,1)
(1,11)
(5,27)
(3,5)
(19,2)
(2,18)
(18,8)
(8,12)
(12,14)
(14,17)
(17,19)
(14,12)
(19,17)
(16,16)
(47,42)
(42,53)
(53,54)
(54,41)
(41,50)
(50,44)
(44,47)
(53,42)
(44,50)
(49,45)
(45,46)
(46,62)
(62,51)
(51,40)
(40,58)
(58,49)
(40,51)
(45,49)
(48,55)
(55,61)
(61,37)
(37,38)
(38,39)
(39,59)
(59,48)
(59,39)
(37,61)
(52,57)
(57,56)
(56,60)
(60,63)
(63,43)
(43,52)
(56,57)
(52,43)
(80,69)
(69,87)
(87,88)
(88,66)
(66,78)
(78,90)
(90,80)
(90,78)
(66,88)
(81,76)
(76,67)
(67,79)
(79,77)
(77,73)
(73,83)
(83,81)
(76,81)
(81,83)
(70,74)
(74,89)
(89,86)
(86,68)
(68,71)
(71,85)
(85,70)
(70,85)
(85,71)
(75,72)
(72,84)
(84,64)
(64,82)
(82,65)
(65,75)
(72,75)
(64,84)
;

param b:=
[21,20] 1
[20,22] 1
[22,33] 1
[33,6] 7
[6,9] 1
[9,15] 5
[15,21] 1
[15,9] 7
[6,33] 10
[4,29] 1
[29,25] 1
[25,10] 1
[10,31] 5
[31,23] 1
[23,30] 1
[30,4] 9
[4,30] 8
[31,10] 5
[34,28] 9
[28,35] 10
[35,36] 1
[36,13] 1
[13,26] 1
[26,32] 1
[32,34] 1
[35,28] 7
[28,34] 6
[11,27] 1
[27,5] 8
[5,3] 8
[3,24] 1
[24,7] 1
[7,1] 1
[1,11] 1
[5,27] 7
[3,5] 5
[19,2] 1
[2,18] 1
[18,8] 1
[8,12] 1
[12,14] 8
[14,17] 1
[17,19] 10
[14,12] 10
[19,17] 9
[16,16] 5
[47,42] 1
[42,53] 5
[53,54] 1
[54,41] 1
[41,50] 1
[50,44] 6
[44,47] 1
[53,42] 5
[44,50] 7
[49,45] 7
[45,46] 1
[46,62] 1
[62,51] 1
[51,40] 6
[40,58] 1
[58,49] 1
[40,51] 7
[45,49] 5
[48,55] 1
[55,61] 1
[61,37] 6
[37,38] 1
[38,39] 1
[39,59] 5
[59,48] 1
[59,39] 8
[37,61] 5
[52,57] 1
[57,56] 7
[56,60] 1
[60,63] 1
[63,43] 1
[43,52] 9
[56,57] 5
[52,43] 8
[80,69] 1
[69,87] 1
[87,88] 1
[88,66] 10
[66,78] 1
[78,90] 7
[90,80] 1
[90,78] 8
[66,88] 5
[81,76] 7
[76,67] 1
[67,79] 1
[79,77] 1
[77,73] 1
[73,83] 1
[83,81] 8
[76,81] 10
[81,83] 10
[70,74] 1
[74,89] 1
[89,86] 1
[86,68] 1
[68,71] 1
[71,85] 7
[85,70] 9
[70,85] 9
[85,71] 6
[75,72] 6
[72,84] 1
[84,64] 10
[64,82] 1
[82,65] 1
[65,75] 1
[72,75] 6
[64,84] 9
;

param d:=
1	2
10	11
11	2
12	19
13	2
14	19
15	13
16	5
17	20
18	2
19	20
2	2
20	2
21	2
22	2
23	2
24	2
25	2
26	2
27	16
28	32
29	2
3	14
30	18
31	11
32	2
33	18
34	16
35	18
36	2
37	12
38	2
39	14
4	18
40	14
41	2
42	11
43	18
44	14
45	13
46	2
47	2
48	2
49	13
5	28
50	14
51	14
52	18
53	11
54	2
55	2
56	13
57	13
58	2
59	14
6	18
60	2
61	12
62	2
63	2
64	20
65	2
66	16
67	2
68	2
69	2
7	2
70	19
71	14
72	13
73	2
74	2
75	13
76	18
77	2
78	16
79	2
8	2
80	2
81	35
82	2
83	19
84	20
85	31
86	2
87	2
88	16
89	2
9	13
90	16
;


end;
