data;

param broj_grana:=103;
param N:=80;
param L1:=0.0024938;
param L2:=0.0006234;

set FC:=
f1
f2
f3
;

set V:=
1
2
3
4
5
6
7
8
9
10
11
12
13
14
15
16
17
18
19
20
21
22
23
24
25
26
27
28
29
30
31
32
33
34
35
36
37
38
39
40
41
42
43
44
45
46
47
48
49
50
51
52
53
54
55
56
57
58
59
60
61
62
63
64
65
66
67
68
69
70
71
72
73
74
75
76
77
78
79
80
;

set F[f1]:=
1
2
3
4
5
6
7
8
9
10
11
12
13
14
15
16
17
18
19
20
21
22
23
24
25
26
27
28
29
30
31
32
;

set F[f2]:=
33
34
35
36
37
38
39
40
41
42
43
44
45
46
47
48
49
50
51
52
53
54
55
56
;

set F[f3]:=
57
58
59
60
61
62
63
64
65
66
67
68
69
70
71
72
73
74
75
76
77
78
79
80
;


set E:=
(26,32)
(32,28)
(28,19)
(19,13)
(13,16)
(16,30)
(30,26)
(16,13)
(32,26)
(10,1)
(1,31)
(31,12)
(12,24)
(24,3)
(3,7)
(7,10)
(10,7)
(1,10)
(6,29)
(29,27)
(27,17)
(17,25)
(25,22)
(22,21)
(21,6)
(17,27)
(21,22)
(15,20)
(20,2)
(2,9)
(9,4)
(4,5)
(5,18)
(18,15)
(9,2)
(2,20)
(11,14)
(14,23)
(23,8)
(8,11)
(23,14)
(36,51)
(51,44)
(44,47)
(47,48)
(48,39)
(39,56)
(56,36)
(36,56)
(51,36)
(55,33)
(33,54)
(54,52)
(52,38)
(38,40)
(40,46)
(46,55)
(40,38)
(55,46)
(41,42)
(42,49)
(49,45)
(45,43)
(43,35)
(35,37)
(37,41)
(37,35)
(41,37)
(50,53)
(53,34)
(34,50)
(50,34)
(59,63)
(63,77)
(77,80)
(80,66)
(66,78)
(78,70)
(70,59)
(80,77)
(59,70)
(72,64)
(64,75)
(75,67)
(67,61)
(61,62)
(62,73)
(73,72)
(67,75)
(72,73)
(76,71)
(71,79)
(79,65)
(65,60)
(60,69)
(69,68)
(68,76)
(65,79)
(79,71)
(57,74)
(74,58)
(58,57)
(74,57)
;

param b:=
[26,32] 9
[32,28] 1
[28,19] 1
[19,13] 1
[13,16] 5
[16,30] 1
[30,26] 1
[16,13] 8
[32,26] 6
[10,1] 10
[1,31] 1
[31,12] 1
[12,24] 1
[24,3] 1
[3,7] 1
[7,10] 6
[10,7] 8
[1,10] 8
[6,29] 1
[29,27] 1
[27,17] 8
[17,25] 1
[25,22] 1
[22,21] 6
[21,6] 1
[17,27] 6
[21,22] 10
[15,20] 1
[20,2] 6
[2,9] 10
[9,4] 1
[4,5] 1
[5,18] 1
[18,15] 1
[9,2] 7
[2,20] 6
[11,14] 1
[14,23] 8
[23,8] 1
[8,11] 1
[23,14] 8
[36,51] 7
[51,44] 1
[44,47] 1
[47,48] 1
[48,39] 1
[39,56] 1
[56,36] 5
[36,56] 5
[51,36] 9
[55,33] 1
[33,54] 1
[54,52] 1
[52,38] 1
[38,40] 10
[40,46] 1
[46,55] 8
[40,38] 10
[55,46] 9
[41,42] 1
[42,49] 1
[49,45] 1
[45,43] 1
[43,35] 1
[35,37] 5
[37,41] 9
[37,35] 6
[41,37] 8
[50,53] 1
[53,34] 1
[34,50] 6
[50,34] 6
[59,63] 1
[63,77] 1
[77,80] 8
[80,66] 1
[66,78] 1
[78,70] 1
[70,59] 10
[80,77] 5
[59,70] 8
[72,64] 1
[64,75] 1
[75,67] 7
[67,61] 1
[61,62] 1
[62,73] 1
[73,72] 10
[67,75] 10
[72,73] 6
[76,71] 1
[71,79] 5
[79,65] 8
[65,60] 1
[60,69] 1
[69,68] 1
[68,76] 1
[65,79] 8
[79,71] 7
[57,74] 7
[74,58] 1
[58,57] 1
[74,57] 7
;

param d:=
1	19
10	32
11	2
12	2
13	14
14	17
15	2
16	14
17	15
18	2
19	2
2	29
20	13
21	17
22	17
23	17
24	2
25	2
26	16
27	15
28	2
29	2
3	2
30	2
31	2
32	16
33	2
34	13
35	12
36	26
37	28
38	21
39	2
4	2
40	21
41	18
42	2
43	2
44	2
45	2
46	18
47	2
48	2
49	2
5	2
50	13
51	17
52	2
53	2
54	2
55	18
56	11
57	15
58	2
59	19
6	2
60	2
61	2
62	2
63	2
64	2
65	17
66	2
67	18
68	2
69	2
7	15
70	19
71	13
72	17
73	17
74	15
75	18
76	2
77	14
78	2
79	28
8	2
80	14
9	18
;


end;
