data;

param broj_grana:=103;
param N:=80;
param L1:=0.0025445;
param L2:=0.0006361;

set FC:=
f1
f2
f3
;

set V:=
1
2
3
4
5
6
7
8
9
10
11
12
13
14
15
16
17
18
19
20
21
22
23
24
25
26
27
28
29
30
31
32
33
34
35
36
37
38
39
40
41
42
43
44
45
46
47
48
49
50
51
52
53
54
55
56
57
58
59
60
61
62
63
64
65
66
67
68
69
70
71
72
73
74
75
76
77
78
79
80
;

set F[f1]:=
1
2
3
4
5
6
7
8
9
10
11
12
13
14
15
16
17
18
19
20
21
22
23
24
25
26
27
28
29
30
31
32
;

set F[f2]:=
33
34
35
36
37
38
39
40
41
42
43
44
45
46
47
48
49
50
51
52
53
54
55
56
;

set F[f3]:=
57
58
59
60
61
62
63
64
65
66
67
68
69
70
71
72
73
74
75
76
77
78
79
80
;


set E:=
(6,3)
(3,19)
(19,2)
(2,1)
(1,21)
(21,15)
(15,6)
(2,19)
(1,2)
(10,9)
(9,17)
(17,5)
(5,28)
(28,11)
(11,30)
(30,10)
(5,17)
(28,5)
(4,14)
(14,23)
(23,32)
(32,31)
(31,29)
(29,8)
(8,4)
(14,4)
(23,14)
(12,18)
(18,24)
(24,27)
(27,20)
(20,22)
(22,13)
(13,12)
(13,22)
(18,12)
(16,26)
(26,25)
(25,7)
(7,16)
(7,25)
(40,36)
(36,50)
(50,39)
(39,51)
(51,45)
(45,33)
(33,40)
(39,50)
(33,45)
(42,55)
(55,34)
(34,47)
(47,43)
(43,54)
(54,49)
(49,42)
(42,49)
(49,54)
(35,53)
(53,38)
(38,44)
(44,56)
(56,46)
(46,41)
(41,35)
(46,56)
(38,53)
(48,52)
(52,37)
(37,48)
(37,52)
(79,67)
(67,61)
(61,77)
(77,57)
(57,73)
(73,78)
(78,79)
(73,57)
(78,73)
(60,72)
(72,75)
(75,74)
(74,71)
(71,69)
(69,80)
(80,60)
(69,71)
(71,74)
(66,63)
(63,58)
(58,68)
(68,76)
(76,70)
(70,62)
(62,66)
(76,68)
(63,66)
(65,59)
(59,64)
(64,65)
(59,65)
;

param b:=
[6,3] 1
[3,19] 1
[19,2] 5
[2,1] 6
[1,21] 1
[21,15] 1
[15,6] 1
[2,19] 7
[1,2] 7
[10,9] 1
[9,17] 1
[17,5] 5
[5,28] 9
[28,11] 1
[11,30] 1
[30,10] 1
[5,17] 5
[28,5] 8
[4,14] 6
[14,23] 10
[23,32] 1
[32,31] 1
[31,29] 1
[29,8] 1
[8,4] 1
[14,4] 6
[23,14] 7
[12,18] 7
[18,24] 1
[24,27] 1
[27,20] 1
[20,22] 1
[22,13] 5
[13,12] 1
[13,22] 10
[18,12] 5
[16,26] 1
[26,25] 1
[25,7] 9
[7,16] 1
[7,25] 9
[40,36] 1
[36,50] 1
[50,39] 8
[39,51] 1
[51,45] 1
[45,33] 10
[33,40] 1
[39,50] 9
[33,45] 9
[42,55] 1
[55,34] 1
[34,47] 1
[47,43] 1
[43,54] 1
[54,49] 9
[49,42] 5
[42,49] 9
[49,54] 5
[35,53] 1
[53,38] 6
[38,44] 1
[44,56] 1
[56,46] 9
[46,41] 1
[41,35] 1
[46,56] 7
[38,53] 10
[48,52] 1
[52,37] 7
[37,48] 1
[37,52] 10
[79,67] 1
[67,61] 1
[61,77] 1
[77,57] 1
[57,73] 5
[73,78] 8
[78,79] 1
[73,57] 6
[78,73] 7
[60,72] 1
[72,75] 1
[75,74] 1
[74,71] 7
[71,69] 5
[69,80] 1
[80,60] 1
[69,71] 6
[71,74] 6
[66,63] 10
[63,58] 1
[58,68] 1
[68,76] 5
[76,70] 1
[70,62] 1
[62,66] 1
[76,68] 9
[63,66] 5
[65,59] 10
[59,64] 1
[64,65] 1
[59,65] 8
;

param d:=
1	14
10	2
11	2
12	13
13	16
14	29
15	2
16	2
17	11
18	13
19	13
2	25
20	2
21	2
22	16
23	18
24	2
25	19
26	2
27	2
28	18
29	2
3	2
30	2
31	2
32	2
33	20
34	2
35	2
36	2
37	18
38	17
39	18
4	13
40	2
41	2
42	15
43	2
44	2
45	20
46	17
47	2
48	2
49	28
5	27
50	18
51	2
52	18
53	17
54	15
55	2
56	17
57	12
58	2
59	19
6	2
60	2
61	2
62	2
63	16
64	2
65	19
66	16
67	2
68	15
69	12
7	19
70	2
71	24
72	2
73	26
74	14
75	2
76	15
77	2
78	16
79	2
8	2
80	2
9	2
;


end;
