data;

param broj_grana:=103;
param N:=80;
param L1:=0.0025189;
param L2:=0.0006297;

set FC:=
f1
f2
f3
;

set V:=
1
2
3
4
5
6
7
8
9
10
11
12
13
14
15
16
17
18
19
20
21
22
23
24
25
26
27
28
29
30
31
32
33
34
35
36
37
38
39
40
41
42
43
44
45
46
47
48
49
50
51
52
53
54
55
56
57
58
59
60
61
62
63
64
65
66
67
68
69
70
71
72
73
74
75
76
77
78
79
80
;

set F[f1]:=
1
2
3
4
5
6
7
8
9
10
11
12
13
14
15
16
17
18
19
20
21
22
23
24
25
26
27
28
29
30
31
32
;

set F[f2]:=
33
34
35
36
37
38
39
40
41
42
43
44
45
46
47
48
49
50
51
52
53
54
55
56
;

set F[f3]:=
57
58
59
60
61
62
63
64
65
66
67
68
69
70
71
72
73
74
75
76
77
78
79
80
;


set E:=
(23,9)
(9,4)
(4,26)
(26,6)
(6,3)
(3,10)
(10,23)
(26,4)
(3,6)
(16,12)
(12,13)
(13,1)
(1,8)
(8,14)
(14,30)
(30,16)
(13,12)
(30,14)
(17,5)
(5,22)
(22,11)
(11,24)
(24,28)
(28,27)
(27,17)
(24,11)
(22,5)
(29,21)
(21,2)
(2,7)
(7,25)
(25,18)
(18,19)
(19,29)
(29,19)
(25,7)
(20,32)
(32,15)
(15,31)
(31,20)
(31,15)
(36,48)
(48,54)
(54,34)
(34,46)
(46,49)
(49,51)
(51,36)
(54,48)
(49,46)
(44,45)
(45,55)
(55,52)
(52,43)
(43,53)
(53,37)
(37,44)
(43,52)
(55,45)
(33,39)
(39,42)
(42,47)
(47,56)
(56,38)
(38,50)
(50,33)
(50,38)
(39,33)
(35,41)
(41,40)
(40,35)
(41,35)
(69,72)
(72,78)
(78,80)
(80,77)
(77,62)
(62,76)
(76,69)
(72,69)
(69,76)
(59,71)
(71,57)
(57,73)
(73,58)
(58,67)
(67,61)
(61,59)
(73,57)
(59,61)
(74,60)
(60,63)
(63,65)
(65,64)
(64,66)
(66,79)
(79,74)
(63,60)
(66,64)
(75,68)
(68,70)
(70,75)
(75,70)
;

param b:=
[23,9] 1
[9,4] 1
[4,26] 5
[26,6] 1
[6,3] 6
[3,10] 1
[10,23] 1
[26,4] 5
[3,6] 9
[16,12] 1
[12,13] 10
[13,1] 1
[1,8] 1
[8,14] 1
[14,30] 7
[30,16] 1
[13,12] 6
[30,14] 10
[17,5] 1
[5,22] 7
[22,11] 1
[11,24] 9
[24,28] 1
[28,27] 1
[27,17] 1
[24,11] 8
[22,5] 10
[29,21] 1
[21,2] 1
[2,7] 1
[7,25] 5
[25,18] 1
[18,19] 1
[19,29] 9
[29,19] 6
[25,7] 7
[20,32] 1
[32,15] 1
[15,31] 9
[31,20] 1
[31,15] 8
[36,48] 1
[48,54] 10
[54,34] 1
[34,46] 1
[46,49] 8
[49,51] 1
[51,36] 1
[54,48] 5
[49,46] 5
[44,45] 1
[45,55] 7
[55,52] 1
[52,43] 6
[43,53] 1
[53,37] 1
[37,44] 1
[43,52] 5
[55,45] 8
[33,39] 6
[39,42] 1
[42,47] 1
[47,56] 1
[56,38] 1
[38,50] 8
[50,33] 1
[50,38] 7
[39,33] 7
[35,41] 5
[41,40] 1
[40,35] 1
[41,35] 10
[69,72] 9
[72,78] 1
[78,80] 1
[80,77] 1
[77,62] 1
[62,76] 1
[76,69] 5
[72,69] 8
[69,76] 10
[59,71] 1
[71,57] 1
[57,73] 7
[73,58] 1
[58,67] 1
[67,61] 1
[61,59] 5
[73,57] 8
[59,61] 10
[74,60] 1
[60,63] 8
[63,65] 1
[65,64] 1
[64,66] 7
[66,79] 1
[79,74] 1
[63,60] 8
[66,64] 5
[75,68] 1
[68,70] 1
[70,75] 7
[75,70] 10
;

param d:=
1	2
10	2
11	18
12	17
13	17
14	18
15	18
16	2
17	2
18	2
19	16
2	2
20	2
21	2
22	18
23	2
24	18
25	13
26	11
27	2
28	2
29	16
3	16
30	18
31	18
32	2
33	14
34	2
35	16
36	2
37	2
38	16
39	14
4	11
40	2
41	16
42	2
43	12
44	2
45	16
46	14
47	2
48	16
49	14
5	18
50	16
51	2
52	12
53	2
54	16
55	16
56	2
57	16
58	2
59	16
6	16
60	17
61	16
62	2
63	17
64	13
65	2
66	13
67	2
68	2
69	32
7	13
70	18
71	2
72	18
73	16
74	2
75	18
76	16
77	2
78	2
79	2
8	2
80	2
9	2
;


end;
