data;

param broj_grana:=103;
param N:=80;
param L1:=0.0024570;
param L2:=0.0006143;

set FC:=
f1
f2
f3
;

set V:=
1
2
3
4
5
6
7
8
9
10
11
12
13
14
15
16
17
18
19
20
21
22
23
24
25
26
27
28
29
30
31
32
33
34
35
36
37
38
39
40
41
42
43
44
45
46
47
48
49
50
51
52
53
54
55
56
57
58
59
60
61
62
63
64
65
66
67
68
69
70
71
72
73
74
75
76
77
78
79
80
;

set F[f1]:=
1
2
3
4
5
6
7
8
9
10
11
12
13
14
15
16
17
18
19
20
21
22
23
24
25
26
27
28
29
30
31
32
;

set F[f2]:=
33
34
35
36
37
38
39
40
41
42
43
44
45
46
47
48
49
50
51
52
53
54
55
56
;

set F[f3]:=
57
58
59
60
61
62
63
64
65
66
67
68
69
70
71
72
73
74
75
76
77
78
79
80
;


set E:=
(6,32)
(32,7)
(7,2)
(2,15)
(15,26)
(26,12)
(12,6)
(32,6)
(2,7)
(21,27)
(27,23)
(23,17)
(17,11)
(11,28)
(28,3)
(3,21)
(11,17)
(27,21)
(8,18)
(18,30)
(30,20)
(20,24)
(24,25)
(25,19)
(19,8)
(8,19)
(18,8)
(14,29)
(29,10)
(10,5)
(5,4)
(4,22)
(22,16)
(16,14)
(14,16)
(10,29)
(1,13)
(13,31)
(31,9)
(9,1)
(9,31)
(47,46)
(46,41)
(41,36)
(36,35)
(35,51)
(51,49)
(49,47)
(41,46)
(47,49)
(37,45)
(45,54)
(54,43)
(43,44)
(44,52)
(52,48)
(48,37)
(45,37)
(43,54)
(55,56)
(56,33)
(33,34)
(34,53)
(53,38)
(38,42)
(42,55)
(33,56)
(56,55)
(39,50)
(50,40)
(40,39)
(39,40)
(59,64)
(64,60)
(60,61)
(61,62)
(62,73)
(73,74)
(74,59)
(62,61)
(59,74)
(80,58)
(58,76)
(76,63)
(63,71)
(71,79)
(79,78)
(78,80)
(58,80)
(78,79)
(75,65)
(65,69)
(69,72)
(72,67)
(67,77)
(77,70)
(70,75)
(75,70)
(72,69)
(66,68)
(68,57)
(57,66)
(66,57)
;

param b:=
[6,32] 7
[32,7] 1
[7,2] 9
[2,15] 1
[15,26] 1
[26,12] 1
[12,6] 1
[32,6] 8
[2,7] 10
[21,27] 9
[27,23] 1
[23,17] 1
[17,11] 10
[11,28] 1
[28,3] 1
[3,21] 1
[11,17] 6
[27,21] 9
[8,18] 9
[18,30] 1
[30,20] 1
[20,24] 1
[24,25] 1
[25,19] 1
[19,8] 8
[8,19] 9
[18,8] 9
[14,29] 1
[29,10] 8
[10,5] 1
[5,4] 1
[4,22] 1
[22,16] 1
[16,14] 6
[14,16] 10
[10,29] 7
[1,13] 1
[13,31] 1
[31,9] 5
[9,1] 1
[9,31] 8
[47,46] 1
[46,41] 10
[41,36] 1
[36,35] 1
[35,51] 1
[51,49] 1
[49,47] 9
[41,46] 6
[47,49] 10
[37,45] 8
[45,54] 1
[54,43] 5
[43,44] 1
[44,52] 1
[52,48] 1
[48,37] 1
[45,37] 9
[43,54] 6
[55,56] 5
[56,33] 9
[33,34] 1
[34,53] 1
[53,38] 1
[38,42] 1
[42,55] 1
[33,56] 6
[56,55] 7
[39,50] 1
[50,40] 1
[40,39] 5
[39,40] 5
[59,64] 1
[64,60] 1
[60,61] 1
[61,62] 8
[62,73] 1
[73,74] 1
[74,59] 8
[62,61] 6
[59,74] 6
[80,58] 9
[58,76] 1
[76,63] 1
[63,71] 1
[71,79] 1
[79,78] 8
[78,80] 1
[58,80] 6
[78,79] 8
[75,65] 1
[65,69] 1
[69,72] 8
[72,67] 1
[67,77] 1
[77,70] 1
[70,75] 8
[75,70] 7
[72,69] 6
[66,68] 1
[68,57] 1
[57,66] 7
[66,57] 8
;

param d:=
1	2
10	16
11	17
12	2
13	2
14	17
15	2
16	17
17	17
18	19
19	18
2	20
20	2
21	19
22	2
23	2
24	2
25	2
26	2
27	19
28	2
29	16
3	2
30	2
31	14
32	16
33	16
34	2
35	2
36	2
37	18
38	2
39	11
4	2
40	11
41	17
42	2
43	12
44	2
45	18
46	17
47	20
48	2
49	20
5	2
50	2
51	2
52	2
53	2
54	12
55	13
56	27
57	16
58	16
59	15
6	16
60	2
61	15
62	15
63	2
64	2
65	2
66	16
67	2
68	2
69	15
7	20
70	16
71	2
72	15
73	2
74	15
75	16
76	2
77	2
78	17
79	17
8	35
80	16
9	14
;


end;
