data;

param broj_grana:=103;
param N:=80;
param L1:=0.0025445;
param L2:=0.0006361;

set FC:=
f1
f2
f3
;

set V:=
1
2
3
4
5
6
7
8
9
10
11
12
13
14
15
16
17
18
19
20
21
22
23
24
25
26
27
28
29
30
31
32
33
34
35
36
37
38
39
40
41
42
43
44
45
46
47
48
49
50
51
52
53
54
55
56
57
58
59
60
61
62
63
64
65
66
67
68
69
70
71
72
73
74
75
76
77
78
79
80
;

set F[f1]:=
1
2
3
4
5
6
7
8
9
10
11
12
13
14
15
16
17
18
19
20
21
22
23
24
25
26
27
28
29
30
31
32
;

set F[f2]:=
33
34
35
36
37
38
39
40
41
42
43
44
45
46
47
48
49
50
51
52
53
54
55
56
;

set F[f3]:=
57
58
59
60
61
62
63
64
65
66
67
68
69
70
71
72
73
74
75
76
77
78
79
80
;


set E:=
(24,1)
(1,30)
(30,25)
(25,20)
(20,12)
(12,19)
(19,24)
(12,20)
(25,30)
(15,32)
(32,8)
(8,27)
(27,7)
(7,16)
(16,26)
(26,15)
(15,26)
(7,27)
(14,9)
(9,3)
(3,5)
(5,11)
(11,6)
(6,10)
(10,14)
(9,14)
(10,6)
(17,22)
(22,31)
(31,29)
(29,2)
(2,18)
(18,21)
(21,17)
(21,18)
(17,21)
(28,23)
(23,4)
(4,13)
(13,28)
(28,13)
(36,40)
(40,47)
(47,38)
(38,34)
(34,55)
(55,35)
(35,36)
(40,36)
(34,38)
(45,39)
(39,46)
(46,48)
(48,50)
(50,33)
(33,51)
(51,45)
(48,46)
(51,33)
(41,43)
(43,44)
(44,56)
(56,52)
(52,42)
(42,53)
(53,41)
(44,43)
(41,53)
(49,37)
(37,54)
(54,49)
(49,54)
(62,79)
(79,59)
(59,66)
(66,64)
(64,57)
(57,71)
(71,62)
(64,66)
(71,57)
(65,61)
(61,76)
(76,78)
(78,70)
(70,77)
(77,63)
(63,65)
(70,78)
(63,77)
(68,67)
(67,80)
(80,75)
(75,74)
(74,73)
(73,60)
(60,68)
(74,75)
(80,67)
(72,69)
(69,58)
(58,72)
(72,58)
;

param b:=
[24,1] 1
[1,30] 1
[30,25] 6
[25,20] 1
[20,12] 7
[12,19] 1
[19,24] 1
[12,20] 10
[25,30] 7
[15,32] 1
[32,8] 1
[8,27] 1
[27,7] 9
[7,16] 1
[16,26] 1
[26,15] 5
[15,26] 9
[7,27] 7
[14,9] 6
[9,3] 1
[3,5] 1
[5,11] 1
[11,6] 1
[6,10] 7
[10,14] 1
[9,14] 5
[10,6] 10
[17,22] 1
[22,31] 1
[31,29] 1
[29,2] 1
[2,18] 1
[18,21] 6
[21,17] 7
[21,18] 9
[17,21] 5
[28,23] 1
[23,4] 1
[4,13] 1
[13,28] 6
[28,13] 5
[36,40] 7
[40,47] 1
[47,38] 1
[38,34] 5
[34,55] 1
[55,35] 1
[35,36] 1
[40,36] 7
[34,38] 6
[45,39] 1
[39,46] 1
[46,48] 9
[48,50] 1
[50,33] 1
[33,51] 6
[51,45] 1
[48,46] 9
[51,33] 10
[41,43] 1
[43,44] 9
[44,56] 1
[56,52] 1
[52,42] 1
[42,53] 1
[53,41] 8
[44,43] 5
[41,53] 10
[49,37] 1
[37,54] 1
[54,49] 9
[49,54] 5
[62,79] 1
[79,59] 1
[59,66] 1
[66,64] 10
[64,57] 1
[57,71] 6
[71,62] 1
[64,66] 5
[71,57] 8
[65,61] 1
[61,76] 1
[76,78] 1
[78,70] 8
[70,77] 1
[77,63] 8
[63,65] 1
[70,78] 6
[63,77] 6
[68,67] 1
[67,80] 9
[80,75] 1
[75,74] 10
[74,73] 1
[73,60] 1
[60,68] 1
[74,75] 7
[80,67] 7
[72,69] 1
[69,58] 1
[58,72] 7
[72,58] 8
;

param d:=
1	2
10	18
11	2
12	18
13	12
14	12
15	15
16	2
17	13
18	16
19	2
2	2
20	18
21	27
22	2
23	2
24	2
25	14
26	15
27	17
28	12
29	2
3	2
30	14
31	2
32	2
33	17
34	12
35	2
36	15
37	2
38	12
39	2
4	2
40	15
41	19
42	2
43	15
44	15
45	2
46	19
47	2
48	19
49	15
5	2
50	2
51	17
52	2
53	19
54	15
55	2
56	2
57	15
58	16
59	2
6	18
60	2
61	2
62	2
63	15
64	16
65	2
66	16
67	17
68	2
69	2
7	17
70	15
71	15
72	16
73	2
74	18
75	18
76	2
77	15
78	15
79	2
8	2
80	17
9	12
;


end;
