data;

param broj_grana:=103;
param N:=80;
param L1:=0.0027248;
param L2:=0.0006812;

set FC:=
f1
f2
f3
;

set V:=
1
2
3
4
5
6
7
8
9
10
11
12
13
14
15
16
17
18
19
20
21
22
23
24
25
26
27
28
29
30
31
32
33
34
35
36
37
38
39
40
41
42
43
44
45
46
47
48
49
50
51
52
53
54
55
56
57
58
59
60
61
62
63
64
65
66
67
68
69
70
71
72
73
74
75
76
77
78
79
80
;

set F[f1]:=
1
2
3
4
5
6
7
8
9
10
11
12
13
14
15
16
17
18
19
20
21
22
23
24
25
26
27
28
29
30
31
32
;

set F[f2]:=
33
34
35
36
37
38
39
40
41
42
43
44
45
46
47
48
49
50
51
52
53
54
55
56
;

set F[f3]:=
57
58
59
60
61
62
63
64
65
66
67
68
69
70
71
72
73
74
75
76
77
78
79
80
;


set E:=
(11,32)
(32,1)
(1,22)
(22,12)
(12,17)
(17,25)
(25,11)
(32,11)
(12,22)
(24,15)
(15,26)
(26,21)
(21,10)
(10,5)
(5,28)
(28,24)
(26,15)
(15,24)
(23,7)
(7,6)
(6,18)
(18,4)
(4,8)
(8,14)
(14,23)
(23,14)
(7,23)
(31,3)
(3,9)
(9,20)
(20,30)
(30,19)
(19,27)
(27,31)
(27,19)
(9,3)
(16,13)
(13,2)
(2,29)
(29,16)
(13,16)
(34,50)
(50,46)
(46,40)
(40,47)
(47,44)
(44,35)
(35,34)
(46,50)
(47,40)
(38,36)
(36,48)
(48,39)
(39,43)
(43,49)
(49,52)
(52,38)
(43,39)
(49,43)
(45,56)
(56,54)
(54,41)
(41,37)
(37,55)
(55,42)
(42,45)
(45,42)
(37,41)
(53,33)
(33,51)
(51,53)
(53,51)
(66,64)
(64,62)
(62,68)
(68,75)
(75,73)
(73,60)
(60,66)
(60,73)
(75,68)
(65,63)
(63,74)
(74,69)
(69,79)
(79,61)
(61,78)
(78,65)
(65,78)
(69,74)
(71,58)
(58,57)
(57,59)
(59,77)
(77,70)
(70,80)
(80,71)
(58,71)
(59,57)
(67,76)
(76,72)
(72,67)
(76,67)
;

param b:=
[11,32] 6
[32,1] 1
[1,22] 1
[22,12] 5
[12,17] 1
[17,25] 1
[25,11] 1
[32,11] 6
[12,22] 6
[24,15] 6
[15,26] 7
[26,21] 1
[21,10] 1
[10,5] 1
[5,28] 1
[28,24] 1
[26,15] 6
[15,24] 5
[23,7] 5
[7,6] 1
[6,18] 1
[18,4] 1
[4,8] 1
[8,14] 1
[14,23] 5
[23,14] 5
[7,23] 6
[31,3] 1
[3,9] 7
[9,20] 1
[20,30] 1
[30,19] 1
[19,27] 6
[27,31] 1
[27,19] 9
[9,3] 5
[16,13] 6
[13,2] 1
[2,29] 1
[29,16] 1
[13,16] 5
[34,50] 1
[50,46] 5
[46,40] 1
[40,47] 7
[47,44] 1
[44,35] 1
[35,34] 1
[46,50] 5
[47,40] 10
[38,36] 1
[36,48] 1
[48,39] 1
[39,43] 5
[43,49] 8
[49,52] 1
[52,38] 1
[43,39] 9
[49,43] 9
[45,56] 1
[56,54] 1
[54,41] 1
[41,37] 7
[37,55] 1
[55,42] 1
[42,45] 9
[45,42] 5
[37,41] 5
[53,33] 1
[33,51] 1
[51,53] 9
[53,51] 5
[66,64] 1
[64,62] 1
[62,68] 1
[68,75] 5
[75,73] 1
[73,60] 8
[60,66] 1
[60,73] 7
[75,68] 10
[65,63] 1
[63,74] 1
[74,69] 7
[69,79] 1
[79,61] 1
[61,78] 1
[78,65] 6
[65,78] 9
[69,74] 6
[71,58] 6
[58,57] 1
[57,59] 10
[59,77] 1
[77,70] 1
[70,80] 1
[80,71] 1
[58,71] 9
[59,57] 9
[67,76] 5
[76,72] 1
[72,67] 1
[76,67] 9
;

param d:=
1	2
10	2
11	13
12	12
13	12
14	11
15	24
16	12
17	2
18	2
19	16
2	2
20	2
21	2
22	12
23	21
24	12
25	2
26	14
27	16
28	2
29	2
3	13
30	2
31	2
32	13
33	2
34	2
35	2
36	2
37	13
38	2
39	15
4	2
40	18
41	13
42	15
43	31
44	2
45	15
46	11
47	18
48	2
49	18
5	2
50	11
51	15
52	2
53	15
54	2
55	2
56	2
57	20
58	16
59	20
6	2
60	16
61	2
62	2
63	2
64	2
65	16
66	2
67	15
68	16
69	14
7	12
70	2
71	16
72	2
73	16
74	14
75	16
76	15
77	2
78	16
79	2
8	2
80	2
9	13
;


end;
