data;

param broj_grana:=103;
param N:=80;
param L1:=0.0024876;
param L2:=0.0006219;

set FC:=
f1
f2
f3
;

set V:=
1
2
3
4
5
6
7
8
9
10
11
12
13
14
15
16
17
18
19
20
21
22
23
24
25
26
27
28
29
30
31
32
33
34
35
36
37
38
39
40
41
42
43
44
45
46
47
48
49
50
51
52
53
54
55
56
57
58
59
60
61
62
63
64
65
66
67
68
69
70
71
72
73
74
75
76
77
78
79
80
;

set F[f1]:=
1
2
3
4
5
6
7
8
9
10
11
12
13
14
15
16
17
18
19
20
21
22
23
24
25
26
27
28
29
30
31
32
;

set F[f2]:=
33
34
35
36
37
38
39
40
41
42
43
44
45
46
47
48
49
50
51
52
53
54
55
56
;

set F[f3]:=
57
58
59
60
61
62
63
64
65
66
67
68
69
70
71
72
73
74
75
76
77
78
79
80
;


set E:=
(9,5)
(5,14)
(14,31)
(31,4)
(4,2)
(2,15)
(15,9)
(15,2)
(5,9)
(30,11)
(11,24)
(24,32)
(32,29)
(29,8)
(8,27)
(27,30)
(32,24)
(24,11)
(19,26)
(26,6)
(6,25)
(25,21)
(21,10)
(10,12)
(12,19)
(6,26)
(26,19)
(17,18)
(18,23)
(23,3)
(3,22)
(22,1)
(1,20)
(20,17)
(17,20)
(22,3)
(7,28)
(28,16)
(16,13)
(13,7)
(28,7)
(36,56)
(56,35)
(35,41)
(41,38)
(38,50)
(50,42)
(42,36)
(36,42)
(56,36)
(55,52)
(52,37)
(37,39)
(39,45)
(45,53)
(53,54)
(54,55)
(39,37)
(53,45)
(34,44)
(44,47)
(47,48)
(48,43)
(43,40)
(40,33)
(33,34)
(43,48)
(48,47)
(49,46)
(46,51)
(51,49)
(49,51)
(66,63)
(63,59)
(59,69)
(69,68)
(68,62)
(62,57)
(57,66)
(57,62)
(62,68)
(75,72)
(72,80)
(80,77)
(77,70)
(70,67)
(67,65)
(65,75)
(67,70)
(77,80)
(61,60)
(60,76)
(76,79)
(79,74)
(74,58)
(58,73)
(73,61)
(73,58)
(74,79)
(71,64)
(64,78)
(78,71)
(78,64)
;

param b:=
[9,5] 7
[5,14] 1
[14,31] 1
[31,4] 1
[4,2] 1
[2,15] 7
[15,9] 1
[15,2] 6
[5,9] 8
[30,11] 1
[11,24] 5
[24,32] 9
[32,29] 1
[29,8] 1
[8,27] 1
[27,30] 1
[32,24] 9
[24,11] 8
[19,26] 6
[26,6] 5
[6,25] 1
[25,21] 1
[21,10] 1
[10,12] 1
[12,19] 1
[6,26] 6
[26,19] 8
[17,18] 1
[18,23] 1
[23,3] 1
[3,22] 6
[22,1] 1
[1,20] 1
[20,17] 10
[17,20] 8
[22,3] 8
[7,28] 5
[28,16] 1
[16,13] 1
[13,7] 1
[28,7] 7
[36,56] 8
[56,35] 1
[35,41] 1
[41,38] 1
[38,50] 1
[50,42] 1
[42,36] 7
[36,42] 10
[56,36] 10
[55,52] 1
[52,37] 1
[37,39] 6
[39,45] 1
[45,53] 6
[53,54] 1
[54,55] 1
[39,37] 10
[53,45] 9
[34,44] 1
[44,47] 1
[47,48] 9
[48,43] 10
[43,40] 1
[40,33] 1
[33,34] 1
[43,48] 5
[48,47] 6
[49,46] 1
[46,51] 1
[51,49] 10
[49,51] 8
[66,63] 1
[63,59] 1
[59,69] 1
[69,68] 1
[68,62] 5
[62,57] 10
[57,66] 1
[57,62] 7
[62,68] 7
[75,72] 1
[72,80] 1
[80,77] 9
[77,70] 1
[70,67] 6
[67,65] 1
[65,75] 1
[67,70] 10
[77,80] 6
[61,60] 1
[60,76] 1
[76,79] 1
[79,74] 8
[74,58] 1
[58,73] 9
[73,61] 1
[73,58] 6
[74,79] 5
[71,64] 1
[64,78] 9
[78,71] 1
[78,64] 6
;

param d:=
1	2
10	2
11	14
12	2
13	2
14	2
15	14
16	2
17	19
18	2
19	15
2	14
20	19
21	2
22	15
23	2
24	31
25	2
26	25
27	2
28	13
29	2
3	15
30	2
31	2
32	19
33	2
34	2
35	2
36	35
37	17
38	2
39	17
4	2
40	2
41	2
42	18
43	16
44	2
45	16
46	2
47	16
48	30
49	19
5	16
50	2
51	19
52	2
53	16
54	2
55	2
56	19
57	18
58	16
59	2
6	12
60	2
61	2
62	29
63	2
64	16
65	2
66	2
67	17
68	13
69	2
7	13
70	17
71	2
72	2
73	16
74	14
75	2
76	2
77	16
78	16
79	14
8	2
80	16
9	16
;


end;
