data;

param broj_grana:=103;
param N:=80;
param L1:=0.0025840;
param L2:=0.0006460;

set FC:=
f1
f2
f3
;

set V:=
1
2
3
4
5
6
7
8
9
10
11
12
13
14
15
16
17
18
19
20
21
22
23
24
25
26
27
28
29
30
31
32
33
34
35
36
37
38
39
40
41
42
43
44
45
46
47
48
49
50
51
52
53
54
55
56
57
58
59
60
61
62
63
64
65
66
67
68
69
70
71
72
73
74
75
76
77
78
79
80
;

set F[f1]:=
1
2
3
4
5
6
7
8
9
10
11
12
13
14
15
16
17
18
19
20
21
22
23
24
25
26
27
28
29
30
31
32
;

set F[f2]:=
33
34
35
36
37
38
39
40
41
42
43
44
45
46
47
48
49
50
51
52
53
54
55
56
;

set F[f3]:=
57
58
59
60
61
62
63
64
65
66
67
68
69
70
71
72
73
74
75
76
77
78
79
80
;


set E:=
(14,11)
(11,22)
(22,9)
(9,2)
(2,3)
(3,20)
(20,14)
(3,2)
(22,11)
(26,1)
(1,31)
(31,27)
(27,23)
(23,18)
(18,17)
(17,26)
(26,17)
(18,23)
(10,25)
(25,13)
(13,6)
(6,29)
(29,4)
(4,32)
(32,10)
(4,29)
(25,10)
(8,5)
(5,24)
(24,16)
(16,7)
(7,12)
(12,15)
(15,8)
(7,16)
(24,5)
(19,30)
(30,28)
(28,21)
(21,19)
(30,19)
(49,33)
(33,52)
(52,37)
(37,34)
(34,41)
(41,51)
(51,49)
(37,52)
(41,34)
(54,38)
(38,39)
(39,40)
(40,46)
(46,53)
(53,43)
(43,54)
(39,38)
(53,46)
(47,48)
(48,50)
(50,44)
(44,35)
(35,56)
(56,45)
(45,47)
(47,45)
(45,56)
(55,36)
(36,42)
(42,55)
(36,55)
(62,76)
(76,80)
(80,70)
(70,63)
(63,59)
(59,61)
(61,62)
(61,59)
(62,61)
(57,77)
(77,66)
(66,75)
(75,69)
(69,71)
(71,64)
(64,57)
(64,71)
(71,69)
(60,65)
(65,58)
(58,79)
(79,73)
(73,68)
(68,78)
(78,60)
(79,58)
(65,60)
(72,74)
(74,67)
(67,72)
(72,67)
;

param b:=
[14,11] 1
[11,22] 6
[22,9] 1
[9,2] 1
[2,3] 8
[3,20] 1
[20,14] 1
[3,2] 5
[22,11] 7
[26,1] 1
[1,31] 1
[31,27] 1
[27,23] 1
[23,18] 6
[18,17] 1
[17,26] 10
[26,17] 6
[18,23] 6
[10,25] 6
[25,13] 1
[13,6] 1
[6,29] 1
[29,4] 6
[4,32] 1
[32,10] 1
[4,29] 6
[25,10] 9
[8,5] 1
[5,24] 9
[24,16] 1
[16,7] 9
[7,12] 1
[12,15] 1
[15,8] 1
[7,16] 5
[24,5] 8
[19,30] 7
[30,28] 1
[28,21] 1
[21,19] 1
[30,19] 10
[49,33] 1
[33,52] 1
[52,37] 9
[37,34] 1
[34,41] 7
[41,51] 1
[51,49] 1
[37,52] 6
[41,34] 9
[54,38] 1
[38,39] 6
[39,40] 1
[40,46] 1
[46,53] 5
[53,43] 1
[43,54] 1
[39,38] 9
[53,46] 7
[47,48] 1
[48,50] 1
[50,44] 1
[44,35] 1
[35,56] 1
[56,45] 7
[45,47] 9
[47,45] 8
[45,56] 9
[55,36] 8
[36,42] 1
[42,55] 1
[36,55] 7
[62,76] 1
[76,80] 1
[80,70] 1
[70,63] 1
[63,59] 1
[59,61] 5
[61,62] 6
[61,59] 5
[62,61] 10
[57,77] 1
[77,66] 1
[66,75] 1
[75,69] 1
[69,71] 6
[71,64] 6
[64,57] 1
[64,71] 6
[71,69] 7
[60,65] 7
[65,58] 1
[58,79] 10
[79,73] 1
[73,68] 1
[68,78] 1
[78,60] 1
[79,58] 7
[65,60] 5
[72,74] 1
[74,67] 1
[67,72] 10
[72,67] 5
;

param d:=
1	2
10	16
11	14
12	2
13	2
14	2
15	2
16	15
17	17
18	13
19	18
2	14
20	2
21	2
22	14
23	13
24	18
25	16
26	17
27	2
28	2
29	13
3	14
30	18
31	2
32	2
33	2
34	17
35	2
36	16
37	16
38	16
39	16
4	13
40	2
41	17
42	2
43	2
44	2
45	33
46	13
47	18
48	2
49	2
5	18
50	2
51	2
52	16
53	13
54	2
55	16
56	17
57	2
58	18
59	11
6	2
60	13
61	26
62	17
63	2
64	13
65	13
66	2
67	16
68	2
69	14
7	15
70	2
71	25
72	16
73	2
74	2
75	2
76	2
77	2
78	2
79	18
8	2
80	2
9	2
;


end;
