data;

param broj_grana:=103;
param N:=80;
param L1:=0.0024450;
param L2:=0.0006112;

set FC:=
f1
f2
f3
;

set V:=
1
2
3
4
5
6
7
8
9
10
11
12
13
14
15
16
17
18
19
20
21
22
23
24
25
26
27
28
29
30
31
32
33
34
35
36
37
38
39
40
41
42
43
44
45
46
47
48
49
50
51
52
53
54
55
56
57
58
59
60
61
62
63
64
65
66
67
68
69
70
71
72
73
74
75
76
77
78
79
80
;

set F[f1]:=
1
2
3
4
5
6
7
8
9
10
11
12
13
14
15
16
17
18
19
20
21
22
23
24
25
26
27
28
29
30
31
32
;

set F[f2]:=
33
34
35
36
37
38
39
40
41
42
43
44
45
46
47
48
49
50
51
52
53
54
55
56
;

set F[f3]:=
57
58
59
60
61
62
63
64
65
66
67
68
69
70
71
72
73
74
75
76
77
78
79
80
;


set E:=
(2,20)
(20,30)
(30,24)
(24,1)
(1,14)
(14,4)
(4,2)
(20,2)
(30,20)
(15,13)
(13,21)
(21,8)
(8,22)
(22,3)
(3,6)
(6,15)
(15,6)
(8,21)
(25,23)
(23,26)
(26,29)
(29,31)
(31,27)
(27,11)
(11,25)
(26,23)
(31,29)
(10,12)
(12,28)
(28,19)
(19,18)
(18,16)
(16,17)
(17,10)
(17,16)
(19,28)
(32,9)
(9,5)
(5,7)
(7,32)
(5,9)
(44,51)
(51,55)
(55,56)
(56,52)
(52,36)
(36,41)
(41,44)
(44,41)
(36,52)
(35,43)
(43,37)
(37,33)
(33,46)
(46,42)
(42,48)
(48,35)
(48,42)
(46,33)
(54,38)
(38,45)
(45,50)
(50,40)
(40,34)
(34,53)
(53,54)
(50,45)
(54,53)
(39,49)
(49,47)
(47,39)
(49,39)
(62,77)
(77,57)
(57,80)
(80,65)
(65,61)
(61,69)
(69,62)
(77,62)
(61,65)
(63,66)
(66,67)
(67,79)
(79,59)
(59,74)
(74,58)
(58,63)
(67,66)
(79,67)
(75,76)
(76,70)
(70,78)
(78,64)
(64,60)
(60,72)
(72,75)
(72,60)
(78,70)
(68,71)
(71,73)
(73,68)
(68,73)
;

param b:=
[2,20] 10
[20,30] 7
[30,24] 1
[24,1] 1
[1,14] 1
[14,4] 1
[4,2] 1
[20,2] 10
[30,20] 8
[15,13] 1
[13,21] 1
[21,8] 9
[8,22] 1
[22,3] 1
[3,6] 1
[6,15] 7
[15,6] 8
[8,21] 8
[25,23] 1
[23,26] 9
[26,29] 1
[29,31] 7
[31,27] 1
[27,11] 1
[11,25] 1
[26,23] 7
[31,29] 5
[10,12] 1
[12,28] 1
[28,19] 7
[19,18] 1
[18,16] 1
[16,17] 10
[17,10] 1
[17,16] 5
[19,28] 9
[32,9] 1
[9,5] 8
[5,7] 1
[7,32] 1
[5,9] 5
[44,51] 1
[51,55] 1
[55,56] 1
[56,52] 1
[52,36] 7
[36,41] 1
[41,44] 9
[44,41] 9
[36,52] 8
[35,43] 1
[43,37] 1
[37,33] 1
[33,46] 7
[46,42] 1
[42,48] 7
[48,35] 1
[48,42] 10
[46,33] 5
[54,38] 1
[38,45] 1
[45,50] 6
[50,40] 1
[40,34] 1
[34,53] 1
[53,54] 6
[50,45] 10
[54,53] 8
[39,49] 6
[49,47] 1
[47,39] 1
[49,39] 10
[62,77] 10
[77,57] 1
[57,80] 1
[80,65] 1
[65,61] 7
[61,69] 1
[69,62] 1
[77,62] 5
[61,65] 10
[63,66] 1
[66,67] 5
[67,79] 5
[79,59] 1
[59,74] 1
[74,58] 1
[58,63] 1
[67,66] 10
[79,67] 8
[75,76] 1
[76,70] 1
[70,78] 8
[78,64] 1
[64,60] 1
[60,72] 7
[72,75] 1
[72,60] 7
[78,70] 10
[68,71] 1
[71,73] 1
[73,68] 7
[68,73] 6
;

param d:=
1	2
10	2
11	2
12	2
13	2
14	2
15	16
16	16
17	16
18	2
19	17
2	21
20	35
21	18
22	2
23	17
24	2
25	2
26	17
27	2
28	17
29	13
3	2
30	16
31	13
32	2
33	13
34	2
35	2
36	16
37	2
38	2
39	17
4	2
40	2
41	19
42	18
43	2
44	19
45	17
46	13
47	2
48	18
49	17
5	14
50	17
51	2
52	16
53	15
54	15
55	2
56	2
57	2
58	2
59	2
6	16
60	15
61	18
62	16
63	2
64	2
65	18
66	16
67	28
68	14
69	2
7	2
70	19
71	2
72	15
73	14
74	2
75	2
76	2
77	16
78	19
79	14
8	18
80	2
9	14
;


end;
