data;

param broj_grana:=103;
param N:=80;
param L1:=0.0025381;
param L2:=0.0006345;

set FC:=
f1
f2
f3
;

set V:=
1
2
3
4
5
6
7
8
9
10
11
12
13
14
15
16
17
18
19
20
21
22
23
24
25
26
27
28
29
30
31
32
33
34
35
36
37
38
39
40
41
42
43
44
45
46
47
48
49
50
51
52
53
54
55
56
57
58
59
60
61
62
63
64
65
66
67
68
69
70
71
72
73
74
75
76
77
78
79
80
;

set F[f1]:=
1
2
3
4
5
6
7
8
9
10
11
12
13
14
15
16
17
18
19
20
21
22
23
24
25
26
27
28
29
30
31
32
;

set F[f2]:=
33
34
35
36
37
38
39
40
41
42
43
44
45
46
47
48
49
50
51
52
53
54
55
56
;

set F[f3]:=
57
58
59
60
61
62
63
64
65
66
67
68
69
70
71
72
73
74
75
76
77
78
79
80
;


set E:=
(32,23)
(23,27)
(27,2)
(2,11)
(11,12)
(12,20)
(20,32)
(27,23)
(32,20)
(14,24)
(24,31)
(31,17)
(17,16)
(16,8)
(8,29)
(29,14)
(24,14)
(17,31)
(10,22)
(22,19)
(19,9)
(9,5)
(5,7)
(7,18)
(18,10)
(5,9)
(10,18)
(25,28)
(28,21)
(21,4)
(4,30)
(30,1)
(1,6)
(6,25)
(30,4)
(21,28)
(26,13)
(13,15)
(15,3)
(3,26)
(26,3)
(48,52)
(52,38)
(38,49)
(49,55)
(55,41)
(41,33)
(33,48)
(33,41)
(49,38)
(37,36)
(36,42)
(42,45)
(45,35)
(35,44)
(44,43)
(43,37)
(42,36)
(45,42)
(54,46)
(46,51)
(51,40)
(40,47)
(47,53)
(53,39)
(39,54)
(51,46)
(40,51)
(34,50)
(50,56)
(56,34)
(50,34)
(62,72)
(72,78)
(78,58)
(58,75)
(75,63)
(63,60)
(60,62)
(60,63)
(75,58)
(68,69)
(69,67)
(67,70)
(70,73)
(73,71)
(71,66)
(66,68)
(69,68)
(71,73)
(57,61)
(61,80)
(80,64)
(64,59)
(59,77)
(77,79)
(79,57)
(77,59)
(64,80)
(74,76)
(76,65)
(65,74)
(74,65)
;

param b:=
[32,23] 1
[23,27] 6
[27,2] 1
[2,11] 1
[11,12] 1
[12,20] 1
[20,32] 8
[27,23] 9
[32,20] 8
[14,24] 5
[24,31] 1
[31,17] 8
[17,16] 1
[16,8] 1
[8,29] 1
[29,14] 1
[24,14] 5
[17,31] 5
[10,22] 1
[22,19] 1
[19,9] 1
[9,5] 9
[5,7] 1
[7,18] 1
[18,10] 8
[5,9] 6
[10,18] 9
[25,28] 1
[28,21] 6
[21,4] 1
[4,30] 5
[30,1] 1
[1,6] 1
[6,25] 1
[30,4] 9
[21,28] 10
[26,13] 1
[13,15] 1
[15,3] 1
[3,26] 9
[26,3] 8
[48,52] 1
[52,38] 1
[38,49] 5
[49,55] 1
[55,41] 1
[41,33] 6
[33,48] 1
[33,41] 7
[49,38] 10
[37,36] 1
[36,42] 7
[42,45] 10
[45,35] 1
[35,44] 1
[44,43] 1
[43,37] 1
[42,36] 6
[45,42] 9
[54,46] 1
[46,51] 6
[51,40] 9
[40,47] 1
[47,53] 1
[53,39] 1
[39,54] 1
[51,46] 10
[40,51] 9
[34,50] 7
[50,56] 1
[56,34] 1
[50,34] 8
[62,72] 1
[72,78] 1
[78,58] 1
[58,75] 5
[75,63] 1
[63,60] 5
[60,62] 1
[60,63] 6
[75,58] 10
[68,69] 5
[69,67] 1
[67,70] 1
[70,73] 1
[73,71] 9
[71,66] 1
[66,68] 1
[69,68] 6
[71,73] 7
[57,61] 1
[61,80] 1
[80,64] 10
[64,59] 1
[59,77] 6
[77,79] 1
[79,57] 1
[77,59] 5
[64,80] 9
[74,76] 1
[76,65] 1
[65,74] 6
[74,65] 6
;

param d:=
1	2
10	18
11	2
12	2
13	2
14	11
15	2
16	2
17	14
18	18
19	2
2	2
20	17
21	17
22	2
23	16
24	11
25	2
26	18
27	16
28	17
29	2
3	18
30	15
31	14
32	17
33	14
34	16
35	2
36	14
37	2
38	16
39	2
4	15
40	19
41	14
42	32
43	2
44	2
45	20
46	17
47	2
48	2
49	16
5	16
50	16
51	34
52	2
53	2
54	2
55	2
56	2
57	2
58	16
59	12
6	2
60	12
61	2
62	2
63	12
64	20
65	13
66	2
67	2
68	12
69	12
7	2
70	2
71	17
72	2
73	17
74	13
75	16
76	2
77	12
78	2
79	2
8	2
80	20
9	16
;


end;
